True	Predicted
1.3159 1.1316
0.7460 0.2821
3.9299 4.6396
128.9419 127.8911
2.8744 2.2418
2.2817 4.4933
0.5606 0.9429
4.8539 3.5569
2.8314 3.1345
1.5801 1.5784
4.6273 4.0258
1.1346 1.1101
113.0949 113.1006
91.9752 97.8024
4.1069 5.5828
3.5328 2.0658
4.8194 3.5569
49.2069 69.9453
80.3663 123.4894
62.3113 69.9453
3.2620 2.2797
0.9813 0.6504
11.3218 10.9073
4.1740 4.5123
1.5688 0.8844
2.6149 3.1539
0.9060 0.8673
2.4790 2.4546
1.0864 1.3080
4.9947 4.4009
1.3215 1.4942
6.1287 5.6118
1.3679 0.8782
1.6688 1.4709
0.3132 0.4853
3.5709 3.5569
4.9007 2.3729
33.9401 71.9151
1.4892 3.1152
54.6347 80.2741
7.0607 7.5677
19.7355 44.1677
126.4993 114.4563
9.4660 4.1453
4.2700 3.1539
95.3232 127.8911
1.5261 1.3281
2.0431 1.0902
0.8078 4.5264
1.6639 1.6409
0.2014 0.6335
4.7467 6.2095
3.3128 4.0258
20.5792 21.4288
72.1219 81.0449
1.2938 1.2055
1.7646 1.8659
3.2185 4.6396
9.1048 10.5814
5.3047 4.2776
4.8722 4.4951
1.3222 1.5500
22.7662 23.4673
3.3523 4.4933
0.5407 1.2233
7.7337 7.5616
7.6359 7.4666
2.1356 1.1765
0.4379 1.0064
8.4722 6.1363
4.7287 4.4951
7.1240 3.5860
3.6462 2.8269
38.4589 44.1677
2.3861 1.7392
2.4917 1.5177
26.6904 11.5674
5.8603 5.4400
4.9281 4.2478
24.8367 22.2015
0.2058 0.6351
1.8592 1.7839
1.0664 1.2154
4.5303 6.5834
26.7445 26.7692
0.4969 0.2810
0.4349 -0.0849
4.9762 3.2754
6.7071 4.4025
2.7160 2.1693
0.6942 0.8844
64.9520 71.8929
2.8636 1.8586
24.5596 44.1677
3.0610 3.4072
113.4333 127.8911
3.1622 3.3266
1.9322 1.6409
1.2437 0.8844
25.3753 44.1677
2.8744 2.2418
36.4843 24.0821
3.2916 1.8883
1.3078 1.5177
92.4658 105.1730
3.5017 3.5178
4.2230 4.6949
5.4063 5.5828
4.6979 4.6379
6.7585 5.4400
3.6472 4.9923
0.2916 0.2579
3.5706 3.1539
12.0777 10.9228
4.2573 2.9658
5.0366 4.1424
94.3255 89.8583
1.7715 1.4942
5.2573 4.5264
130.6434 124.9740
4.1605 4.4561
12.2147 11.3848
0.9605 2.8602
7.9524 4.6379
0.4648 0.6335
58.6594 91.0261
23.6369 44.1677
0.0441 0.4956
4.2699 3.8038
96.3821 81.3910
1.8136 2.5548
13.6621 11.3848
0.1768 0.3025
3.4722 4.5264
4.7322 2.1374
0.4143 0.3857
16.7593 10.2322
2.3840 4.1453
4.5599 3.8038
2.9413 2.9206
1.3076 0.8651
7.7786 6.9526
63.6033 70.3846
1.4406 1.2857
4.3227 4.5123
1.0783 1.4709
1.4931 1.0736
6.2817 3.5803
4.0831 2.0525
89.5815 79.8265
0.9770 0.8651
3.3076 3.5860
0.6682 1.2233
1.3899 1.7392
2.2676 5.5828
1.5019 0.7743
3.1117 3.1090
0.0632 0.3888
4.1382 4.6396
77.1858 77.9515
2.1025 3.3266
5.4157 5.5366
0.2619 0.5030
3.6926 3.0409
1.2982 0.8452
0.0067 0.7367
2.7794 2.3729
10.9198 10.2322
1.7724 1.2857
0.0253 0.2786
5.1423 4.5123
0.2821 0.2821
6.1584 7.2528
2.6265 3.1539
4.1959 2.2418
2.3291 1.8881
0.3513 0.9041
2.8212 2.7156
1.5616 1.2154
4.9281 4.2478
6.3683 5.3898
4.3990 5.6689
0.8005 1.1101
1.4406 2.1987
0.0587 0.9382
1.7061 2.1693
1.5560 5.5828
5.0346 6.9688
82.1567 100.4682
1.2090 1.2465
1.4024 1.7392
2.0282 2.2101
3.2871 3.7446
136.8693 127.8911
2.8212 2.7156
71.1999 93.4469
2.5420 2.9466
2.8810 2.8173
7.3746 5.6161
1.3539 1.1101
8.5646 6.2095
0.3746 0.4877
2.2051 0.8673
0.8973 1.2055
11.0017 7.8675
6.7955 6.9526
0.8110 1.8586
3.0497 5.6118
3.3008 3.1189
0.2454 1.0736
0.8122 0.8580
6.8902 6.5301
3.7907 2.5263
4.4393 4.4951
1.1754 0.9429
7.2946 7.5616
17.3981 23.5778
3.6123 4.4561
0.7730 1.0539
4.5533 4.6011
3.2967 4.4647
0.2510 0.2792
1.3047 0.9041
3.0862 3.5188
2.3486 2.2797
0.1018 0.5202
8.1877 6.2095
0.2525 0.4956
2.9270 2.3729
0.9231 0.6504
2.6728 1.5500
3.4895 3.0723
1.7326 2.1693
3.1859 7.0007
1.0052 0.9010
0.0324 0.2786
0.4951 0.3888
3.9143 3.9132
0.2790 0.2786
2.0486 2.7049
7.6115 24.8767
6.1161 4.4025
78.0127 77.9515
11.7940 24.8260
0.7395 0.3067
1.8776 1.1717
6.6591 7.6117
1.4359 0.9275
3.2024 3.1539
1.1754 0.9429
8.3353 7.5616
1.3379 1.4689
7.9180 6.2095
3.4335 3.5569
3.6979 4.6396
2.2590 2.2326
1.4661 1.0594
1.8641 2.1374
1.0172 2.4107
4.3918 4.2776
6.7890 10.9228
1.4642 1.7452
46.3565 69.9453
0.5290 0.1763
2.0561 1.0539
5.7510 6.8694
2.4383 3.1090
0.0934 1.7760
6.3286 6.7226
77.9740 90.7617
3.2504 2.9466
7.8085 7.5677
2.3533 1.7943
2.4102 1.7943
78.8896 69.9453
5.7776 6.5756
5.2876 11.1923
5.9245 5.9242
1.4493 1.0736
3.1662 3.6943
6.0611 5.5996
6.7038 6.1363
7.1056 6.9885
64.7893 79.0418
132.8276 99.3239
4.5103 3.9132
2.5415 4.0258
4.1723 4.1424
4.5594 4.4951
0.9175 2.1374
1.8135 3.5188
3.6684 3.1090
1.2238 1.8304
144.1050 100.9446
1.4206 0.9010
24.8524 24.8767
4.2976 3.0182
7.1779 4.9923
0.7727 0.5202
0.2407 0.9412
1.5985 2.3729
3.5401 3.1237
4.1854 4.5264
2.7998 3.1298
32.7879 68.7894
0.9008 0.7367
4.6005 4.4933
43.7491 68.7894
7.3377 6.5756
2.8992 2.2724
3.4162 3.3266
0.0526 0.8001
76.4783 92.4939
0.8115 0.8580
3.2054 3.5731
102.1214 102.2460
3.8985 3.3266
5.0400 4.6011
85.2235 90.5374
0.1441 0.1763
1.8449 2.2797
2.3392 2.9206
5.3754 5.6118
4.9419 6.8694
5.8603 5.4400
0.0478 -0.0965
3.2219 3.5803
9.4464 11.5674
3.6684 3.1090
2.9688 3.1189
1.2686 0.8673
6.7845 6.9526
0.2577 0.2786
5.1753 3.7126
3.5706 3.1539
0.7305 1.0064
0.2930 0.5393
1.2004 1.0736
0.4259 0.9275
5.9792 6.5301
3.5133 4.4933
0.3392 1.3067
5.6468 7.8675
2.8147 3.6943
2.1274 4.4951
7.0227 6.2353
117.7277 113.0186
88.4129 81.3910
2.1112 1.7392
0.3469 1.4709
7.5453 4.5653
1.1559 1.0942
1.3608 1.3281
30.4346 44.1677
0.5812 0.7511
1.3899 1.7392
2.0254 2.5337
3.0262 2.1987
0.6778 0.8844
3.7206 4.1453
14.3211 23.6949
99.0385 77.9515
105.2024 100.5327
0.7407 0.9010
3.2905 3.9132
3.5032 4.6011
1.4298 0.7367
3.7309 3.1189
1.6753 1.7760
2.8501 5.6161
24.3207 44.1677
6.0916 7.0007
3.2234 3.3394
17.2864 44.1677
1.4922 1.4689
0.5772 3.1345
7.1628 6.6438
1.3462 2.0658
11.9215 23.3869
1.0017 1.9817
47.6658 44.1677
2.0628 3.1345
2.8673 2.2724
1.7125 1.5784
1.1025 0.8782
1.4810 1.4825
5.7014 7.5616
1.7451 2.1374
1.4007 2.1308
93.1052 78.3601
3.1387 2.5548
32.9691 44.1677
37.4625 44.1677
4.4391 4.4951
8.9080 8.5425
1.0230 1.1765
3.3499 2.9206
3.2343 3.1539
1.8896 0.3452
0.8446 0.7429
4.0778 1.0902
11.0017 7.8675
3.2233 1.5177
6.8291 7.2528
65.9839 78.6319
4.7267 3.5749
2.0016 3.0865
1.8532 1.5784
0.5815 0.9041
0.2638 0.4877
8.1394 10.2322
4.5703 5.8363
4.5520 6.9885
1.2901 0.6335
4.5943 6.2353
0.4365 1.3067
9.1588 23.6304
6.0778 5.6693
1.4636 1.0594
2.6806 2.8602
32.6892 44.1677
10.3786 22.6081
3.2569 3.1539
5.4487 3.7126
35.5595 76.2365
5.6868 1.5784
1.5840 0.8001
7.9722 4.9923
2.7998 3.1298
7.9001 7.8675
0.6929 1.1765
0.2221 0.5202
7.8454 4.4647
0.8064 0.7743
76.3528 76.2673
8.5032 7.4666
5.0592 4.2478
2.7183 3.1539
1.6245 1.4689
2.1358 2.5492
3.9513 4.4561
1.6646 2.8602
2.0079 1.4133
4.7288 3.6943
2.2226 4.9923
4.1670 7.6117
2.0672 2.5337
0.3983 0.4877
1.9553 0.5030
0.2569 0.2579
2.9344 3.1090
114.0653 113.7030
68.3223 123.8571
0.1848 0.8452
2.4575 2.2724
1.3956 1.0942
1.9837 1.7999
6.6412 6.5301
36.7579 71.2773
0.8094 0.5030
2.9434 2.8602
5.4913 7.4666
22.1749 23.3869
7.7198 6.5301
17.7971 22.2545
2.1643 1.2055
1.1053 4.4009
3.8164 2.9466
3.2933 3.5749
82.5065 73.1390
1.3279 0.8844
2.4704 2.1374
2.9653 3.2748
1.8754 1.7848
2.8748 3.5803
30.3964 26.7902
0.9596 1.2154
1.2928 1.0736
1.1844 1.7839
6.4219 5.5996
8.6412 3.2754
1.2956 0.9010
3.4073 1.8883
3.7658 4.4933
3.0145 2.1693
3.7609 3.1310
0.6682 1.2233
2.5812 1.7301
7.1603 9.6884
0.4033 0.8782
52.5280 44.1677
2.7964 3.7126
2.1814 3.0182
81.7462 76.2505
2.5054 2.4107
0.1128 0.1763
4.8420 1.7760
2.0236 1.7301
2.5637 2.2724
48.9275 69.9453
145.3910 133.2812
3.3926 2.9658
2.2568 1.2233
34.8388 44.1677
5.0918 4.4951
4.1701 3.3883
4.5043 4.4025
2.5748 3.1237
2.4564 3.0865
0.0013 0.2579
4.7820 4.2776
4.5521 4.6217
3.6552 4.5264
3.6827 3.1189
1.4104 1.9817
3.2285 2.9206
0.3501 0.3452
0.0132 0.2792
4.6103 4.6011
0.6164 0.8673
2.1350 2.1987
2.0784 1.2154
1.4881 1.8659
1.0923 1.3067
2.7860 4.4009
1.3568 0.7743
9.2499 23.1979
1.8896 0.3452
3.9201 3.1152
14.7048 24.8260
4.1619 4.6217
2.9720 3.0656
85.0903 104.4867
4.3167 3.5860
5.7566 5.6118
3.8641 3.0182
1.7726 0.9010
0.2971 0.2810
2.4174 3.1539
1.6281 1.3949
3.6890 4.6543
0.1119 0.4853
2.6808 3.0723
0.0934 1.7760
2.9688 3.1189
2.0433 1.4825
3.3662 3.3883
2.6630 2.2418
3.3033 2.9466
5.0814 4.0258
1.5889 1.8586
4.4467 4.4561
54.2888 98.2803
11.2165 11.1923
69.2249 123.8571
3.3578 0.6351
5.8603 5.4400
1.4028 1.3080
1.6574 1.2876
8.6080 9.6884
0.4678 0.8580
1.0230 1.1765
3.2688 3.3102
5.8661 10.9228
3.4286 3.7446
2.5579 2.5263
18.7605 24.8260
2.2752 1.8883
3.0186 1.1316
3.8719 4.4025
1.8053 3.2748
9.4660 4.1453
0.8518 1.1316
0.1751 -0.2451
0.9358 0.2579
0.4809 0.3857
1.0860 2.1987
88.0766 78.1972
3.1189 3.5569
4.9033 5.6161
1.3004 0.9275
2.3870 1.7301
0.2792 0.2792
60.4274 74.7003
1.4636 1.0594
1.3951 1.7392
1.0654 1.3080
6.3031 5.8363
1.0332 1.7848
5.8303 5.6689
65.2917 76.2266
0.8092 1.5177
4.1043 3.6943
5.9244 4.5653
1.3215 1.4942
5.2654 5.5828
6.0291 22.2545
3.9662 7.8675
0.3132 0.7743
5.8802 5.9242
13.7297 10.5193
2.4134 2.2101
35.3792 110.1730
4.5196 3.7446
1.8681 1.8586
0.5098 0.4956
96.3504 96.0350
65.3716 90.5374
0.3375 1.0736
6.0593 5.9441
1.6298 4.9923
1.0992 1.2055
2.7346 1.6409
8.0897 6.9575
3.8862 1.8881
102.9152 102.9244
1.6738 1.7452
2.0178 1.7943
6.6629 5.6689
48.6465 69.9453
15.1186 69.9453
1.2444 1.5500
12.5656 9.6552
5.9244 4.5653
1.2967 1.7392
5.3392 4.6379
0.4475 -0.0293
3.2196 3.0182
0.5828 0.2579
1.7344 2.1987
0.9697 0.2340
2.3078 2.0525
1.8187 0.7743
9.8009 10.5814
14.5566 10.9228
0.8477 1.2876
8.7946 9.6552
16.8186 24.0821
6.4715 6.8165
3.3197 3.0409
1.2089 1.1717
0.7172 0.9010
3.0830 3.1237
0.2512 0.6703
1.4801 1.7848
2.5667 4.5123
0.4265 1.4689
0.1826 0.1763
6.4407 6.9688
0.9344 1.2055
2.6945 2.7303
2.3839 2.1942
1.3969 0.9429
4.0742 3.7126
0.7920 1.5500
2.1982 2.7032
1.2404 2.1374
0.9188 2.0525
2.0089 1.4825
39.6114 26.7902
0.3743 0.2579
148.3498 135.1058
0.7772 0.8651
5.5941 5.5996
7.6233 7.7031
2.1013 1.7298
6.4841 5.5828
1.8253 0.8782
1.3353 0.8651
1.8289 1.5500
10.6222 10.9073
1.1721 1.1717
4.5726 6.8165
0.0808 0.9412
1.1955 2.8269
0.3634 0.3025
0.0951 -0.0103
26.2057 26.3581
3.1859 2.2797
2.4406 2.6702
0.8501 1.0539
2.6233 2.7049
0.0399 0.5202
1.8128 0.8724
6.1757 6.2095
0.6258 0.2667
3.6996 3.5731
2.5420 2.9466
1.8472 1.1717
2.5212 2.1374
6.6464 6.9688
0.5825 0.2786
0.2287 1.0736
6.0645 10.9228
3.4002 3.9132
0.4006 1.5784
6.7982 6.8165
1.0284 1.3949
1.9314 3.7446
74.1802 71.9151
3.4355 4.2478
0.0382 -0.0220
0.2791 0.3025
4.9086 3.5860
2.5176 2.3729
2.9614 2.9658
0.7367 0.7367
0.0743 0.3826
1.8218 1.8659
3.3510 2.5492
3.5977 3.5569
138.2273 92.8932
0.0663 0.5030
1.5929 1.3092
5.0340 4.4951
11.4639 10.2322
0.7516 1.3949
1.3747 2.2724
1.3506 1.5177
7.1581 8.5425
1.9746 1.9817
5.2233 5.4394
0.4253 0.6351
1.8827 2.1308
3.4366 4.4951
4.1375 3.5569
0.4123 1.2465
1.7913 2.8441
24.8327 23.6304
1.1299 0.9847
18.0481 24.8260
1.2581 0.5393
4.9839 3.5511
2.8683 3.1539
2.0119 2.1942
7.3774 7.8675
3.2905 3.9132
1.5592 1.8304
7.8978 5.8363
8.8497 6.6438
0.5560 1.0064
43.1062 71.8929
3.8444 3.6943
43.9028 69.9453
4.6540 7.6117
3.1701 3.7126
6.6678 5.5366
1.8706 2.1942
0.0988 0.3452
0.7736 0.8782
12.4413 0.7511
5.6868 1.5784
61.1447 77.0231
3.5882 4.4951
0.9261 1.4133
1.0802 0.6351
3.7551 2.9206
12.5889 5.4241
2.2333 2.2326
5.9432 4.5264
1.8383 1.0902
0.9167 1.2233
1.7255 1.7839
4.6842 3.8038
1.9192 1.2154
0.4033 0.3025
0.3903 0.6703
3.2389 2.9902
3.8934 4.2545
3.9039 3.3102
3.2499 2.9127
3.7122 3.2872
101.8924 81.0449
78.5429 78.2960
3.6770 2.5492
7.5552 9.6884
117.4300 121.2808
7.5080 6.9688
4.3874 3.7446
2.1794 3.3266
0.4738 0.3857
19.6926 44.1677
3.1222 3.0723
3.8355 4.0258
1.6688 1.4709
2.4185 2.1374
28.7406 71.8929
1.2242 1.3949
1.6256 2.0525
0.6495 0.5202
1.9263 1.0811
139.3454 131.7100
2.9978 1.7298
0.1186 -0.0260
2.5420 2.9466
2.5453 2.4107
3.3624 3.5569
4.7814 3.5731
8.6443 6.9688
5.3924 5.1733
113.1668 112.6728
19.0062 25.6684
1.0492 0.9275
4.8665 4.6379
1.1308 1.0736
0.5161 0.2786
2.6438 3.5511
1.4642 1.7452
8.5044 10.5193
1.8099 1.8586
1.8165 1.2055
107.6163 114.4563
0.0402 0.9847
4.3665 5.4400
7.6721 6.5301
7.3628 6.8694
6.7408 5.6161
2.6808 3.0723
2.0775 1.1316
7.1905 6.2095
0.1049 1.0594
2.9270 2.3729
134.6206 133.2812
4.7396 4.6217
0.5381 1.2585
92.3451 127.8911
1.5833 1.3092
0.2839 0.2810
2.8271 2.7049
72.2444 71.1178
6.0285 8.5425
0.4441 1.7999
15.0129 44.8474
3.5532 2.4546
3.3154 3.5731
0.0108 0.3067
2.8447 2.8441
3.3688 3.5749
4.7126 4.1453
1.3697 0.7511
3.4504 1.0539
0.2181 0.3857
0.4135 -0.0276
5.8479 4.5123
0.4003 1.1717
8.2049 6.9688
2.2242 2.1374
2.2766 1.7943
1.5936 1.1101
1.3575 2.1374
2.8881 2.1693
4.3597 4.4933
4.3889 4.6949
0.6084 1.2876
4.6965 4.4561
2.8028 2.5548
6.7253 3.0656
1.2726 0.7429
1.5313 1.0594
2.7496 2.2101
3.7031 3.5731
7.5080 6.9688
4.9358 4.6011
0.8017 0.3857
36.7579 71.2773
76.4783 92.4939
1.8976 1.0064
0.9875 1.1101
4.7814 3.5731
0.9452 1.0064
1.2197 0.7367
6.2029 6.5834
54.4993 69.9453
0.8276 0.8724
3.5963 3.3102
12.8592 22.6081
1.2725 1.2585
0.4249 0.3067
0.0728 -0.0403
4.6837 5.4394
2.1114 1.7999
3.1246 2.2724
1.2661 1.7848
3.5204 4.4009
2.5677 1.8659
1.7970 3.2371
7.6129 5.4324
2.4045 3.9132
3.2092 3.1310
0.4625 0.7511
2.1107 1.2585
90.2249 81.0449
5.1834 4.4951
3.5181 2.2101
0.0587 0.9382
138.2273 93.4469
3.4895 3.0723
22.3008 44.1677
7.9452 11.1923
3.9196 5.9441
3.4539 3.5511
4.0282 3.5178
6.7519 6.5834
5.2348 4.4951
8.7280 6.5834
5.5027 6.6438
3.2552 3.5860
0.4960 0.6351
1.0694 0.8782
3.8509 5.3898
1.6986 1.8883
0.7865 1.4942
0.1124 1.3092
1.5700 1.4942
6.0741 4.4933
3.8167 4.5264
45.7129 69.9453
15.1120 24.0442
23.8564 24.1374
3.9755 3.1090
6.9170 6.9885
6.9264 4.4933
3.1531 3.0723
0.3801 0.4853
8.4497 6.9575
0.1266 0.8580
4.2923 4.4561
11.5499 10.9228
1.2214 2.2724
5.4584 4.6949
86.6920 98.4796
0.0668 0.2792
5.7864 6.9885
5.7961 4.0258
2.0381 2.8173
0.2693 0.8452
2.3775 2.5548
5.9450 3.1345
8.6955 7.7031
4.2836 3.5511
6.7246 5.9441
2.9403 3.2748
1.0537 1.4709
1.0927 1.7392
34.2556 69.9453
3.1400 2.4546
21.2076 44.8474
1.2493 1.6409
5.4500 4.8949
1.2543 4.4951
2.7014 1.2857
1.1028 1.2876
120.3760 93.4469
8.2429 6.9885
4.5314 4.5264
0.5158 0.3025
0.1050 0.3857
2.6893 2.2724
128.1356 124.9740
138.3701 127.8911
2.2198 3.1090
8.7234 6.7226
1.1567 0.9847
9.1028 6.5756
5.2285 2.8441
1.0356 0.6504
73.6938 78.2120
7.5865 2.9466
64.4054 68.7894
3.0178 2.2724
2.9902 3.5803
3.5650 3.5860
2.2227 2.7303
2.8562 5.1733
3.2517 3.7126
1.5840 0.8001
8.4433 10.5193
15.9054 23.3869
6.7779 4.6217
0.8058 1.0902
5.7868 5.4324
2.9364 4.6379
3.0794 2.2418
3.7227 4.4561
52.5947 91.0261
4.6560 3.0656
2.3937 2.6702
9.6034 7.5677
3.1717 2.9466
1.5017 3.1152
1.8573 1.8883
13.3999 7.2528
1.0158 0.8452
3.9203 2.9658
1.5713 1.2876
4.7322 2.1374
3.4986 2.9902
1.3083 1.0539
3.3609 3.3394
5.3229 5.1733
96.3504 96.0350
0.1936 0.2821
0.9641 1.8633
3.6507 4.4951
1.6638 1.3080
6.4545 6.2353
13.3771 10.9228
3.0520 1.4942
21.8953 24.3295
9.2606 7.5616
5.4873 4.1453
0.8490 1.2154
3.0124 3.1310
3.7561 2.5492
0.0907 0.3857
8.8313 5.6161
71.6642 76.2266
0.8366 3.3102
10.5632 6.2353
0.6495 0.5202
76.3528 76.2673
5.3735 7.5677
63.1744 127.8911
6.7071 4.4025
1.1605 0.5202
1.6182 1.7392
76.4783 92.4939
1.0923 0.9275
1.8143 2.0525
1.3400 2.9206
3.1574 3.1345
2.9338 3.1298
44.1580 5.4324
3.7112 3.2371
2.5359 3.0656
5.8926 2.9658
3.3048 2.8173
0.1529 0.3025
62.8007 78.3601
0.2392 0.7429
1.7299 1.1765
0.9433 2.4546
42.3225 44.8474
4.7945 4.4933
2.8028 2.5548
2.4406 2.6702
2.7051 4.6011
2.9942 2.5337
0.5290 0.1763
4.7492 1.7999
54.2697 69.9453
80.3663 123.4894
20.9990 23.6170
1.5110 1.7301
80.4445 82.3192
0.7395 0.3067
1.4583 1.1717
4.5657 5.6118
9.3157 4.5221
2.5612 2.5337
33.8635 71.8929
4.1301 6.5756
1.7187 1.2154
1.3940 1.3949
2.1438 1.8304
1.3575 2.1374
24.3762 11.5674
1.0901 0.7429
1.5902 1.2233
4.1200 4.5221
1.7182 2.2724
10.9678 4.2545
2.9768 3.1345
92.6551 98.4796
1.8140 2.2724
0.8445 1.2876
1.8892 2.4107
0.3825 0.3826
4.7495 5.6161
12.5822 11.3848
2.0435 2.7156
10.8478 10.9228
0.7467 7.7031
1.9986 1.4942
10.2570 10.9228
3.2345 2.8602
2.7258 3.5188
4.7267 3.5749
7.4213 24.8260
1.9037 2.7303
2.8058 4.5653
2.9000 3.5803
1.9642 4.5123
1.7798 1.7392
0.9285 1.0539
2.2543 2.1693
1.3963 2.1308
0.2586 0.4942
0.2922 0.3067
2.8247 1.4133
4.8459 6.1363
3.9862 3.5188
2.3896 1.2465
4.0423 5.4324
9.6184 11.5674
4.3990 5.6689
94.8019 86.6566
0.3214 2.9127
0.2959 0.6335
2.6632 2.3729
4.0142 4.4647
2.6183 4.6011
8.0528 5.6689
7.3463 5.5366
1.4910 2.2418
45.9265 45.8803
0.1160 0.6703
1.0409 0.4956
3.0779 3.5803
6.6320 6.2095
4.0282 3.5178
3.0208 4.2545
2.9518 4.1453
68.3223 123.8571
1.1078 1.8881
1.9216 2.2724
26.5506 44.1677
1.7279 1.3067
2.5748 3.1237
6.8325 7.4666
2.0479 1.8881
0.5395 0.3857
4.0493 3.3394
8.4722 6.1363
4.5845 3.5178
1.1487 0.9382
5.0676 3.8038
0.9569 1.1965
3.3388 5.5366
0.2259 0.2579
2.5021 3.7446
84.8531 84.0819
47.0385 44.8474
1.1721 2.1987
0.1722 0.4942
0.2010 0.2340
2.9536 3.0182
3.1241 3.3102
8.6148 22.2545
6.6604 5.6161
109.0645 119.8004
2.7491 2.3729
0.4951 0.3888
3.4112 1.4689
46.9925 79.0418
68.2454 79.4156
0.6064 1.8304
0.0953 -0.2953
4.9350 3.4072
1.0709 2.2101
7.8594 6.6438
66.8392 71.2773
0.0403 0.5030
0.9452 1.0064
0.4943 2.4107
60.9046 70.3846
3.2719 3.2872
3.0520 1.4942
16.5265 10.9073
0.1947 1.1717
0.1578 0.6504
2.3891 2.5492
79.1791 79.4156
0.2747 0.4956
2.0835 2.0525
2.0681 2.0525
0.4157 0.9429
1.7034 0.9041
4.7823 4.6949
7.3237 4.1424
0.8545 0.5030
78.3604 81.0449
6.2987 6.6438
0.2605 0.9412
2.7986 4.2478
1.6593 2.2724
1.2711 1.3080
2.5288 1.7760
15.0129 44.8474
5.9882 4.6396
0.2310 0.3025
3.0860 2.5492
0.3966 0.7429
4.1327 2.8173
11.6300 11.5674
3.1240 3.5178
13.9624 25.6684
3.6552 4.5264
0.1243 -0.1760
4.9090 5.4394
4.8004 4.9923
3.3510 2.5492
0.2512 0.6703
0.8107 0.8001
2.9759 2.9466
8.6383 7.6117
2.2962 2.9206
0.3746 0.7367
36.8687 76.2266
3.4845 3.1298
5.8927 5.8363
1.0006 0.8782
0.6804 1.1316
1.8560 2.7049
2.4585 2.5263
2.1514 6.2095
4.2751 6.5301
1.3032 1.7392
4.0376 3.7446
46.7468 69.9453
1.6800 0.9041
4.5283 4.6543
2.1326 2.2326
0.6271 0.7367
3.2048 3.5178
0.0598 0.2792
4.7414 4.5123
0.2098 0.9429
0.8052 0.6504
0.4719 0.3888
3.2394 3.2748
73.0574 80.2741
2.3146 3.1539
18.8498 10.2322
2.6843 2.7032
4.4736 3.3394
6.5757 4.1424
4.0459 3.5511
5.7174 5.5996
9.1674 6.9526
23.4181 23.4673
0.9685 1.1316
0.0055 0.5202
0.2392 0.7429
2.6588 1.7999
3.3815 1.7999
4.5785 2.9127
6.9431 5.5828
5.4069 5.5828
4.0969 4.2545
2.0580 3.0409
0.1123 0.2667
2.4047 2.5492
2.9493 3.0182
4.1327 3.1152
4.2573 2.9658
0.5169 0.3857
6.0525 10.9228
30.8525 44.1677
134.8502 135.1058
11.7055 6.9575
1.4731 2.5337
2.0038 1.5500
0.0947 -0.0711
1.6663 1.4689
1.8348 1.8633
0.0932 -0.1445
22.7742 44.1677
2.1742 0.9382
2.2957 2.6702
2.3447 2.9466
5.8584 4.6543
2.0148 0.7429
1.9426 1.4709
12.4413 0.7511
2.1238 2.1942
79.5733 79.3592
5.3750 4.4933
3.7506 3.5803
26.1707 44.1677
4.5703 5.8363
98.7815 107.3543
94.9339 90.3624
5.4803 5.6689
6.4030 4.6217
52.6179 95.9434
0.6848 0.9382
5.5489 6.6438
53.5763 74.7556
1.6163 1.2857
64.8181 78.5152
0.3639 0.3857
0.8778 1.1717
4.1295 4.1424
8.2939 10.5193
2.9335 4.2776
2.5287 2.8173
2.5226 3.5749
1.2976 2.7156
3.4982 3.3394
16.4597 44.8474
2.2882 3.1237
5.0695 5.4241
4.1752 2.4546
3.4345 4.4951
1.7268 1.7943
0.5920 1.0942
3.4079 3.4072
29.5196 44.1677
4.9086 3.5860
46.4110 44.1677
8.4131 7.0007
5.8951 5.5366
10.5627 10.5814
5.6048 6.6438
5.8552 5.4394
0.7652 0.7743
8.8497 6.6438
3.5950 3.5188
2.1234 2.5492
7.5101 7.5616
3.6779 3.2371
3.0896 2.7303
3.3081 5.4394
2.5525 3.2748
0.3724 0.3025
0.6282 3.5178
0.7813 1.3080
1.9230 3.0656
6.0662 6.1363
4.7811 2.6702
4.4157 4.5264
0.5968 0.2667
2.1438 1.8304
0.1531 0.3826
4.4936 4.4951
1.6926 1.0539
6.8986 6.9688
2.6745 2.9127
2.9990 2.7303
1.4904 1.7760
1.9572 1.9817
3.9054 4.6011
2.0080 1.4689
3.3801 4.5123
4.6712 4.9923
1.8143 2.0525
1.9053 1.4689
0.9764 2.0658
2.1533 2.2418
0.8607 1.7999
2.0997 2.8173
0.8793 0.6504
5.1310 3.0409
1.3512 1.7452
4.5103 3.9132
7.7770 7.7031
16.3265 44.1677
3.5401 3.1237
5.5934 3.5749
0.4834 0.9847
4.7396 4.6217
4.3811 2.2326
1.6353 2.2418
0.8837 0.9382
5.1943 5.5828
5.6480 5.9441
2.7014 1.2857
62.3113 69.9453
0.5984 1.0811
1.8287 0.4853
0.5923 0.2792
2.6254 2.8441
5.0632 4.5221
5.0221 3.7126
3.6602 4.4647
2.2759 1.7760
1.5608 1.7943
2.1244 2.5492
2.9403 3.2748
1.0959 1.1316
4.0324 3.5803
0.1768 0.3025
6.8562 5.8363
0.9685 1.1316
3.7570 3.3102
115.6417 127.8911
8.3678 11.5674
0.5917 1.0811
6.9881 7.0007
0.9270 0.9275
6.2532 4.9923
2.1017 5.6693
0.2371 0.2579
1.9093 2.1693
36.8687 76.2266
78.7430 78.7501
1.1178 1.3281
3.0789 3.0865
2.9434 2.8602
6.2106 5.4394
0.6244 0.8724
3.2105 3.3102
83.1933 76.2365
3.0846 1.5500
1.6170 0.7367
0.5460 0.4853
5.8311 4.5221
1.6114 1.4689
16.2305 26.7902
5.8648 4.9923
6.8120 6.5756
0.2229 0.2340
7.5152 6.5756
0.6793 0.5202
23.0872 44.1677
6.8531 6.1363
2.6674 2.2101
118.5742 102.5057
2.2522 5.3898
5.8670 6.9885
105.0974 90.6504
6.7407 5.9242
4.2314 5.9242
0.5508 0.7511
5.5303 11.3848
95.1294 95.9434
3.5784 3.5731
5.0356 4.0258
3.3997 3.2872
6.5408 6.2353
6.5972 4.5264
2.8447 2.8441
16.8332 11.5674
3.5183 2.9127
7.2918 7.6117
4.4802 5.1733
0.6099 1.0594
2.5263 2.5263
0.7597 0.6504
5.1465 5.1733
3.3892 3.2872
2.9507 1.8659
43.0102 44.1677
3.5313 3.0656
4.8318 4.6543
9.6034 7.5677
5.9500 4.5264
0.7367 0.7367
1.9062 2.2101
0.8311 0.2792
15.0483 11.3848
0.3119 0.9429
2.0381 2.8173
3.1035 3.3883
0.2278 0.5030
1.6163 1.2857
2.5613 2.1942
4.2362 3.7446
5.3039 5.6118
0.7406 0.2821
3.1816 6.5301
4.4450 4.5221
0.2839 0.2810
3.2741 3.1152
0.0249 0.2792
4.5657 5.6118
1.0956 0.9275
1.5325 2.2101
27.0007 44.1677
5.6833 4.8949
8.5176 4.9923
2.9363 3.0865
1.4704 1.0736
5.1533 1.7452
13.8983 24.3295
6.8494 6.9575
0.2275 0.2667
2.6660 3.3394
0.3966 0.7429
0.6736 0.6703
0.6316 0.6504
11.9372 7.8675
0.0013 0.2579
2.4204 1.7298
2.9074 4.4951
4.6357 5.6161
0.2569 0.2579
1.8100 1.1965
2.9243 3.0656
0.9378 0.5393
1.8890 3.5569
1.5169 2.3729
1.7676 1.8881
108.8817 110.1833
1.9746 1.9817
2.8271 2.7049
0.6720 0.8782
6.5197 5.5996
1.6639 1.6409
1.3747 2.2724
3.5413 3.1237
3.0956 2.0658
3.0717 2.1693
0.6550 1.0811
1.0984 1.1316
91.9035 92.4533
3.8600 3.1298
1.2833 1.2857
6.3984 6.9885
0.7043 0.5393
1.1287 0.6703
1.9449 0.9847
75.5185 74.8518
2.5490 2.2797
0.5908 0.6504
0.8513 0.6335
1.2711 1.3080
107.1243 101.2369
4.2499 3.1310
1.1205 1.1717
14.5426 21.6279
5.3105 10.5193
127.1368 124.9740
3.9599 3.9132
106.1936 133.2812
2.4797 3.5860
129.7317 106.1740
2.8771 2.9658
15.0514 22.6081
0.4999 0.9010
0.4280 0.2786
3.5154 3.3102
0.3727 1.5177
105.1377 91.9880
1.8019 1.2465
5.6296 5.4394
3.9673 4.5653
16.3369 12.4370
0.4948 0.8844
6.4650 7.5677
3.9794 2.7156
4.1764 6.9526
0.0100 -0.0004
5.6440 5.4394
2.0649 2.1374
0.5248 0.6703
3.6658 4.6379
2.2400 1.2857
3.5581 3.3394
4.0174 5.6689
7.1702 5.5366
27.3415 69.9453
2.4010 2.6702
5.7868 5.4324
1.1926 0.8724
0.0310 2.7156
2.5119 2.2724
0.8340 0.5030
13.1609 10.5814
7.9001 7.8675
3.1349 3.1310
1.6149 1.7999
0.2512 0.6703
0.4305 0.2821
105.1571 119.8004
4.0829 4.6217
6.5890 7.6117
94.7945 91.0261
1.6530 1.4942
5.7257 7.8675
0.8195 1.4825
0.2214 1.3949
0.6102 1.0594
11.2165 11.1923
4.1752 4.6379
7.8978 5.8363
0.0494 0.5393
2.8548 2.1308
8.3835 3.7126
3.5646 2.2724
2.6804 2.9658
5.1445 7.6117
1.4762 0.7429
2.3576 2.9902
4.5269 5.1733
64.0670 80.7123
7.5258 7.8675
1.3501 1.6409
85.0101 82.3233
0.0062 -0.3062
1.6980 1.7943
3.6043 2.6702
2.9507 2.9466
106.5873 113.3897
1.6318 5.4241
0.6057 1.5177
0.1722 0.4942
1.5261 1.3281
1.8270 0.9412
3.1518 6.5756
1.4176 2.0658
3.8155 4.0258
74.1802 71.9151
4.7820 4.2776
84.8531 84.0819
2.0713 2.2326
2.7258 3.5188
4.6324 4.4009
0.5503 0.5202
0.9265 1.8883
7.1855 8.5425
4.1723 4.1424
3.2859 4.5123
5.5421 6.8165
2.2355 2.7303
1.9305 3.0182
7.2695 7.7031
4.3457 4.4025
0.1652 0.1763
4.1295 4.1424
6.0778 5.6693
8.5001 11.5674
1.1851 0.9382
2.2607 2.1374
0.6649 1.2876
4.6440 5.4241
78.9874 78.3613
5.7530 6.8694
1.7158 1.7301
0.0831 1.5500
44.3633 70.7327
5.0882 3.8038
6.2629 5.6161
1.2610 2.1308
101.2812 78.2120
0.3231 0.6703
6.3935 5.4324
77.0220 70.3846
1.3654 0.7743
65.4980 74.8518
7.1359 6.2353
9.2801 7.5616
5.3410 7.0007
10.6222 10.9073
1.8735 3.2754
2.8118 3.2872
4.0911 3.9132
1.9523 2.5492
29.5727 24.5033
2.8742 2.5263
31.6809 24.0821
22.6087 22.6081
4.9980 4.4561
0.1969 -0.1299
6.8449 6.7226
5.0183 4.6949
2.0201 1.1316
2.8631 3.2371
2.5949 3.5511
0.6327 0.4956
4.3360 10.5193
77.7014 77.2520
81.7462 76.2505
82.0785 84.0420
1.0622 0.5030
5.1753 3.7126
2.3772 4.5221
12.1334 6.6438
0.1203 0.3452
3.4933 2.6702
2.4205 2.9466
43.7173 44.1677
5.1239 4.5123
3.1912 2.8173
0.2971 2.1374
3.2240 2.9902
0.9329 1.0539
93.3199 80.2741
3.4143 3.1539
4.1069 5.5828
1.4496 1.0736
7.6608 10.9228
2.7457 2.6702
1.6155 1.8883
6.4697 11.3848
0.9344 1.2055
2.3613 2.8602
0.0326 0.2810
10.3069 10.9073
15.3009 44.1677
5.4259 4.8949
0.7408 0.8651
0.7068 0.2821
103.9226 78.7501
3.4045 6.9688
10.6045 7.5677
1.1812 1.2154
11.9016 9.6552
2.9084 2.4107
4.2056 4.1453
4.2534 3.2748
0.1729 0.4956
1.2109 1.2154
2.1505 0.8673
2.4027 1.9817
3.2233 1.5177
3.4074 4.4951
1.5718 1.3067
1.0152 1.4133
155.9237 98.2803
0.3068 0.3826
3.5851 3.5860
82.1567 100.4682
2.1466 3.2371
1.8681 1.8586
11.0963 11.5674
7.5831 7.5677
4.2077 2.6702
4.9457 6.5834
17.4302 5.6693
0.7194 1.7301
31.9982 44.1677
3.6808 2.7032
0.8996 1.1717
9.2315 6.9575
0.6072 0.9412
0.4665 0.4853
2.1356 1.1765
4.7335 3.1237
1.2494 1.7301
0.3965 0.3025
0.6924 0.6504
5.3247 2.0525
64.0438 80.2741
6.4090 6.1363
5.3443 4.5264
3.6583 5.5828
74.8656 77.0231
3.6477 3.1189
2.4661 6.9575
2.4514 3.0865
1.9274 2.2724
4.8601 3.1345
1.8253 0.8782
3.1415 3.2754
4.9412 4.5123
5.3774 4.4025
0.4175 -0.0517
2.3967 3.1345
1.2556 2.1987
0.6968 0.3067
10.0899 7.6117
3.1422 3.5188
0.3997 0.3857
138.2273 92.8932
2.1734 2.8602
1.6115 1.7760
106.5071 102.5057
9.9462 9.6552
7.7955 7.5616
2.9037 2.9658
89.5815 79.8265
3.3048 2.8173
6.2970 9.6884
3.7122 3.2872
1.0516 0.7743
13.5746 9.6884
2.3783 1.0942
2.3996 3.1298
2.4699 3.1090
2.4896 3.1189
6.4062 6.5834
2.4989 2.7303
3.2556 4.0258
4.6254 5.9441
2.9204 3.1237
99.5373 97.0923
85.1045 79.8341
4.5814 5.3898
130.4129 127.8911
7.5372 7.4666
8.4311 11.3848
1.7299 1.1765
6.5394 6.2095
1.3659 0.9847
0.1061 0.3888
3.9990 3.0409
3.5723 2.1942
0.8303 0.8844
1.7680 1.5784
0.2930 0.5393
0.7840 1.2585
2.8587 3.1539
1.7356 3.5731
3.6779 3.2371
1.9148 2.4107
77.9794 78.0750
0.2987 1.1965
0.2691 0.4942
2.5344 3.1189
0.2517 0.2786
2.5677 1.8659
2.3174 1.1717
3.6627 4.4561
1.9832 2.1374
4.9066 5.4241
144.7981 135.1058
4.3360 10.5193
0.4429 1.9817
9.1029 10.2322
4.5343 4.2478
77.7014 77.2520
2.1926 1.3067
3.2895 4.1424
1.1712 1.4133
3.8425 3.5188
112.8549 96.0350
12.1334 6.6438
12.8326 11.5674
0.8785 0.8782
0.5874 1.3067
2.2448 1.8881
0.0909 -0.0925
5.6753 5.6689
1.1378 1.0942
29.4612 44.1677
13.0821 10.5193
1.7304 2.7032
0.3901 0.2786
0.6812 0.9382
2.0250 2.9127
5.5185 6.5756
15.2615 23.3869
4.1834 5.4400
3.8363 4.6396
1.9601 2.5548
0.8189 0.7511
4.0537 3.5749
0.7058 0.6351
1.2485 1.3080
1.4535 1.7298
3.0596 5.5828
5.5421 6.8165
7.0070 6.6438
5.2875 5.6689
0.0397 0.3452
4.8722 4.4951
64.5330 74.2037
1.7150 1.8304
2.1703 2.3729
3.4881 2.5548
5.0814 4.0258
32.2031 24.8260
11.3576 7.5616
4.3034 3.6943
1.8748 0.6335
95.3066 109.0902
12.1552 10.5814
4.1439 2.9466
1.6702 0.6335
48.3546 76.2365
2.3471 2.2418
2.0387 4.6543
2.0197 3.1237
11.6176 11.3848
0.8341 0.5202
2.8802 2.1308
6.5450 5.6161
2.1302 1.9817
3.2474 3.5511
2.6804 2.9658
3.5282 5.6693
5.4487 3.7126
4.1476 6.5834
4.4157 4.5264
8.3835 3.7126
5.2493 4.4647
48.9275 69.9453
79.1583 74.8518
2.6066 2.1308
2.9341 4.6379
7.0929 7.2528
1.9192 1.2154
7.5544 7.4666
1.0854 1.2055
109.7433 79.4556
8.1890 7.5677
2.9882 3.5178
7.0833 6.5756
9.4844 5.9242
0.9491 0.8452
4.9773 6.2095
5.1628 3.1298
0.5908 0.4853
78.8896 69.9453
4.3473 4.9923
1.5669 1.1316
6.9536 6.7226
7.2344 7.6117
0.1102 0.3067
0.2340 0.1763
1.0668 0.9010
32.0956 69.9453
2.0057 1.8633
0.7109 0.7367
1.6646 2.8602
132.8276 99.3239
6.1130 6.9526
3.0684 3.4072
0.8707 1.4709
5.2725 6.6438
8.7595 7.8675
5.4395 11.1923
3.0189 2.8602
2.5343 1.9817
4.7666 4.5123
3.5731 2.8441
6.7076 7.5677
0.9024 1.2465
0.8689 1.3949
5.4063 5.5828
5.8346 5.9242
1.1439 1.7943
38.7779 74.7556
0.5963 0.8724
1.6366 1.7999
4.0480 5.9242
0.2938 0.1763
5.1897 4.5123
6.3539 6.9526
0.1635 1.2233
77.5277 77.5272
3.8454 3.1539
0.0260 0.3067
0.6296 3.1310
0.3900 1.7452
149.5032 133.2812
2.3386 1.8881
0.6337 0.6335
3.3478 3.1539
4.9807 4.4951
1.6691 1.2465
1.9676 2.0658
5.0281 7.0007
2.2694 1.7301
2.0632 2.2797
73.8948 69.9453
1.6452 2.5492
4.5469 2.5263
3.0813 5.6118
1.3461 1.8883
3.2054 3.5731
4.5797 3.1298
35.3424 44.8474
3.2011 2.5492
3.3807 2.9902
1.1901 1.8659
2.0142 1.5177
0.2181 0.3888
3.4079 3.4072
4.3206 3.9132
2.1170 2.9466
2.0888 2.2326
94.9339 90.3624
2.0699 0.9382
3.5124 3.5188
3.5934 3.3102
5.1173 3.1237
2.4485 2.7156
5.5941 5.5996
69.2663 79.3726
2.4036 3.1152
4.8325 4.8949
5.1390 6.7226
144.1050 100.9446
1.8010 1.7839
5.9304 11.1923
1.2947 0.4877
7.3746 5.6161
12.4177 10.5814
0.1222 0.8580
2.2607 2.1374
4.4112 4.4647
2.7708 3.7126
1.6252 1.4825
1.1189 1.2233
0.0207 0.2810
2.9170 3.6943
92.4344 76.2266
0.0564 1.0064
3.3418 3.3266
5.5207 3.7446
1.8026 2.8269
3.6520 3.6943
1.8442 1.4133
1.9366 1.8633
0.4642 1.0902
3.4828 2.8441
3.0277 3.2872
4.3723 7.5616
6.6625 6.1363
126.6219 123.8468
0.5964 0.8724
0.1226 1.0811
0.0660 0.4877
0.5345 1.4709
1.6903 1.1765
2.2748 3.3883
0.9007 1.5177
1.8019 1.2465
4.3027 3.3266
1.2197 1.0064
147.7318 114.4563
0.7428 0.9412
0.0846 1.8633
0.1635 1.2233
2.1302 1.9817
19.1334 23.6170
2.1980 1.6409
2.8813 4.5221
3.1692 3.0182
7.0607 7.5677
0.1461 0.3067
5.6599 5.4400
1.0549 1.3080
2.2874 2.2101
5.5137 3.5803
8.5474 5.6693
63.8181 68.7894
0.5583 0.2340
0.4365 1.3067
0.4719 0.3888
11.6176 11.3848
1.1841 1.0064
1.0703 2.1942
4.0735 4.2776
74.0780 74.2037
4.9821 4.1424
15.7608 24.8260
11.7264 10.9073
0.5606 0.9429
2.0148 0.7429
4.0434 2.1374
52.7071 68.7894
3.7059 3.2371
0.8814 0.8724
107.2935 102.2561
3.9705 4.4025
2.8120 2.7049
11.2580 24.8260
2.8683 3.1539
0.7764 0.3857
1.2219 1.2233
6.8347 7.5616
3.3662 3.3883
13.8361 10.5193
3.1380 4.5264
3.4379 3.1539
4.5627 5.4241
1.2510 1.8881
74.9060 77.5272
2.8356 2.4546
84.9376 81.0449
2.8109 3.0182
1.8589 1.7943
5.1888 4.9923
4.2689 4.2478
1.5715 1.3949
7.1203 5.9242
4.3730 4.4933
3.2610 3.0865
0.7576 1.8586
3.0976 3.7126
0.5968 0.2667
1.3096 0.8844
9.0103 11.1923
4.5003 6.8165
1.2153 2.1693
5.8660 7.5677
0.0098 0.2579
2.9000 3.2748
1.5586 1.1316
2.8222 2.1308
18.5788 26.7902
2.6369 3.5749
2.4711 2.5263
6.8347 7.5616
0.0706 0.2821
1.6919 1.0811
2.4298 2.6702
5.8777 5.4394
5.4582 4.6543
7.7984 6.9885
0.2619 0.5030
1.2089 1.1717
0.9288 0.7511
4.9292 1.1101
3.4657 2.2724
2.4699 3.1090
64.5330 74.2037
0.4019 1.5500
1.2146 1.7848
107.3319 109.5958
2.2710 2.1942
1.7266 1.3949
40.3524 44.1677
0.6968 0.3067
0.0353 1.0811
2.1322 2.8173
2.7108 4.4647
0.8376 0.9041
13.8121 9.6552
8.1443 7.0007
4.0555 3.2872
3.7431 4.2545
0.4379 1.0064
3.2474 3.5511
5.2139 3.7446
17.6703 22.2545
0.8866 0.6703
2.4600 4.4025
0.1927 0.2667
2.7228 2.6702
1.2989 1.0594
1.3525 1.1965
3.5946 5.5366
0.5066 1.1765
29.1199 44.1677
1.4251 1.6409
2.9641 2.9658
5.5969 4.2478
3.2908 2.2724
9.6862 9.6552
4.1619 4.6217
3.2123 2.3729
4.7310 2.2797
7.0268 5.5828
4.7826 4.2545
2.6365 2.8441
0.0207 0.2810
3.7720 3.2748
0.8803 0.7511
0.9604 0.6504
85.7423 98.2803
0.1876 0.2792
2.7343 3.7126
7.7021 7.7031
0.2490 0.2340
4.6220 5.3898
5.0782 4.4951
0.8091 0.6703
5.7532 5.5996
10.0125 9.6884
148.3498 135.1058
1.3222 1.5500
0.7479 0.8580
2.1703 2.3729
84.1860 98.4719
5.9385 4.2478
3.4855 3.4072
18.3278 11.3848
6.1878 6.5756
0.5575 0.6504
7.8166 44.1677
0.4253 0.6351
3.8509 5.3898
4.2653 5.5366
9.5523 8.5425
0.9381 0.2667
3.8622 5.5996
3.6398 2.9127
85.0977 112.6728
1.3497 0.7429
30.7925 24.5033
7.2389 7.2528
17.0159 10.5193
0.1356 0.7743
5.3511 5.6118
0.1049 1.0594
2.1707 1.8304
131.7353 131.7100
13.1168 7.4666
1.2618 0.8724
1.5398 1.8659
0.2751 -0.3367
11.4311 6.9688
5.0676 3.8038
0.4062 0.9010
2.3471 2.2418
2.3542 2.0525
0.3361 0.3857
10.2043 10.5193
3.6382 3.1152
65.9839 78.6319
152.3071 90.7617
0.6275 1.1717
3.5564 3.3266
4.3873 5.9441
0.6072 0.9412
0.1278 0.2340
88.6211 90.5417
0.7303 1.2876
4.6270 5.6689
2.7875 5.4324
1.1844 1.7839
0.3077 -0.1011
9.1588 23.6304
34.6190 24.0442
4.0344 1.7452
1.4678 1.5500
115.9023 76.2266
1.1999 3.1539
1.8776 1.1717
2.5830 1.7298
1.6663 1.4689
5.7544 3.7126
7.3116 6.9885
1.6556 1.2876
5.8426 5.5366
5.7145 6.7226
1.9787 2.0658
1.0548 1.0539
0.3009 0.8844
8.9051 6.6438
0.0507 0.5030
5.9233 5.4324
22.3008 44.1677
126.4993 114.4563
2.7803 2.5337
0.5053 0.2667
6.4017 6.9688
8.6955 7.7031
1.9036 2.5263
13.3560 23.6949
9.4648 23.6304
150.1454 119.8004
5.1531 6.6438
4.4944 3.2872
2.3475 2.9902
3.8171 2.7303
6.6303 6.5834
0.9856 1.4942
5.6664 4.6396
3.5258 2.8173
99.0385 77.9515
2.0883 1.7392
99.3938 100.5327
15.5925 7.2528
22.0738 21.6279
2.6462 3.1189
5.8206 5.1733
7.3606 6.6438
2.1322 2.8173
2.2055 2.5337
1.7116 1.4133
2.2694 1.7848
3.2648 2.9466
3.0247 3.2754
0.0818 -0.0661
0.6237 0.8724
0.4739 0.6335
32.2031 24.8260
18.5489 9.6884
45.7295 77.0430
16.4723 7.5616
1.4745 1.3281
4.5608 4.5653
4.8249 5.1733
1.2217 1.2857
4.2719 3.2754
12.1552 10.5814
4.9988 4.5123
7.5900 3.4072
4.1200 4.5221
3.2394 3.2748
1.6613 1.3080
110.1041 110.1730
4.9358 4.6379
2.1017 5.6693
6.1511 6.9575
1.1970 1.1965
1.9180 1.6409
5.3382 5.5366
12.1334 6.6438
103.9818 100.9446
0.1760 0.3826
0.1192 0.1763
2.9653 2.8269
4.7312 4.9923
0.5339 0.5393
0.4117 0.3888
1.9216 2.2724
10.8710 11.5674
6.7246 5.9441
5.2538 4.4009
10.6403 5.4400
5.6599 5.4400
1.9449 0.9847
1.9097 2.1942
0.8114 0.8673
76.6323 74.2037
0.9822 0.9275
0.6583 0.7511
7.5900 3.4072
2.8039 3.5178
1.6935 1.3949
6.1981 4.6217
47.4400 68.7894
3.1574 3.1345
0.6607 0.2810
3.6520 3.6943
3.1406 2.8269
1.4406 2.1987
4.0466 2.9466
5.7472 4.6379
69.5188 77.3462
0.5594 0.9010
7.5987 6.2353
100.9546 127.8911
2.9029 2.8602
3.5309 2.7303
4.8383 3.1539
2.1591 9.6884
4.9430 5.5996
0.3163 0.2786
1.0741 1.3281
96.3821 81.3910
3.1859 7.0007
1.1724 0.6351
51.4049 100.8458
1.5967 1.7301
43.3514 76.2365
10.8478 10.9228
60.5026 70.7327
1.6303 1.8881
4.1382 4.6396
3.6005 3.7446
3.3222 3.1090
3.4573 3.7126
6.9103 6.9526
20.0043 44.1677
4.7571 4.5221
1.1932 1.3092
0.7113 0.6335
1.9043 2.0525
68.0969 79.3726
17.7491 11.1923
107.2935 102.2561
6.2702 24.8767
13.8153 24.0821
3.9988 3.2872
3.6010 7.8675
3.3154 3.2754
4.5703 5.8363
0.6681 1.2465
17.4746 44.1677
3.4994 4.5221
0.5964 0.8724
3.2050 3.1345
0.0697 0.7511
0.5861 0.2579
0.0648 0.5393
67.6831 69.9453
0.1502 0.4942
6.3970 5.6689
1.2627 1.4689
0.3340 0.3826
5.8595 5.4400
6.7779 4.6217
82.1567 100.4682
0.7956 1.2585
5.9139 4.6011
2.6398 2.6702
0.7096 0.8001
0.8985 1.0942
0.5315 1.3067
1.0528 1.4689
10.4342 93.1104
0.5784 0.5030
4.7032 4.4009
2.1771 1.5784
0.3966 0.7429
6.7276 5.8363
0.5524 0.9847
1.9960 2.5548
3.9341 5.4394
5.5046 2.7032
2.5769 4.6543
2.2722 1.4133
129.7317 106.1740
10.8852 11.5674
0.8202 0.3025
0.2228 2.0658
3.0649 2.3729
0.7172 0.9010
5.2332 4.1453
0.6985 0.3888
2.4810 2.9466
0.8185 0.8673
9.4177 8.5425
2.9505 2.1987
5.0627 4.1453
0.6545 0.2340
1.8925 3.0182
5.8997 5.5996
9.4967 7.6117
4.8850 5.6693
6.7615 4.9923
8.0805 7.4666
6.5479 5.8363
0.2623 0.4853
89.3037 98.3107
5.2725 6.6438
3.0608 2.8269
2.3573 3.8038
4.4676 4.4561
1.2381 0.3826
1.4413 1.4689
0.8202 0.3025
0.8923 0.9382
3.1646 4.6217
2.9491 2.7156
13.3771 10.9228
6.7787 7.7031
8.6860 10.9073
87.0545 78.6319
3.8267 3.1152
2.1959 1.7392
4.7715 4.6396
2.4010 2.6702
5.0785 5.9242
74.0780 74.2037
6.4359 5.6689
17.9606 73.1390
0.7843 0.2667
6.2795 4.5123
4.4295 4.2478
43.8990 44.1677
16.7670 24.0821
2.0111 2.8173
0.9244 0.9412
1.9110 1.2876
3.2363 3.5511
0.1860 1.0064
3.5711 3.5803
50.3043 76.2505
36.0693 70.3846
0.7408 0.8651
15.8100 25.8232
4.0157 1.7999
2.0014 2.2797
6.7251 9.6552
13.1606 23.1979
0.4381 1.0942
7.0368 4.8949
5.4109 4.5264
1.7497 3.2754
91.8058 99.3239
12.0828 9.6884
0.0719 0.5393
2.1681 2.1987
16.5265 10.9073
1.2214 2.2724
0.4157 0.9429
2.5445 2.8441
3.4305 4.4009
3.4925 3.0865
80.5106 78.5152
79.1583 74.8518
0.8321 0.9382
2.0999 1.8304
1.4526 1.4689
5.7523 2.4107
3.9757 3.5178
1.5409 0.9412
0.4278 0.8651
4.6599 4.8949
0.8713 0.4877
3.4977 4.4647
0.9297 2.5548
2.1212 3.0656
5.8926 2.9658
35.3679 23.6304
2.4759 1.2876
4.2410 4.0258
7.1478 6.8694
2.5846 2.2724
6.2876 6.7226
0.1533 0.3857
1.6573 2.2326
4.1476 6.5834
2.7253 2.2326
0.8984 0.9412
9.3368 9.6884
0.9596 1.2154
4.1221 4.8949
3.0877 3.0865
0.8738 0.8452
5.1676 4.4647
90.1065 100.8458
2.0079 1.4133
3.3816 2.1987
2.8746 2.9206
6.9934 7.0007
0.6610 0.8452
7.1571 10.5193
0.6782 1.8881
2.8935 2.1308
2.3185 2.4546
2.0672 3.0182
1.2861 0.9010
2.2630 1.7848
56.4270 69.9453
3.9691 2.9127
4.8388 5.6118
0.2225 0.3888
13.7555 10.9073
6.3157 5.9441
88.2889 86.6566
0.5381 1.2585
1.3571 1.5177
2.0398 1.3092
0.3511 0.8001
2.8154 3.5731
22.3247 7.2528
0.6474 3.5511
1.4693 1.6409
4.1549 3.5860
2.8791 3.1539
2.7346 1.6409
20.9990 23.6170
0.1418 0.2288
16.8382 22.2545
8.5094 44.1677
0.0735 -0.1487
113.0949 113.1006
1.6903 1.1765
99.4788 98.8606
1.5482 1.7839
3.2465 4.2545
7.4690 6.9575
6.9855 6.2353
93.9874 119.8004
2.2947 2.5337
115.1938 110.1833
0.6411 1.2585
3.3567 2.8602
133.9143 134.1200
5.4591 5.9441
133.6902 127.8911
3.1055 3.1345
0.0474 0.5030
3.6329 3.0723
2.0271 1.1765
0.4828 0.4877
0.4628 0.8724
3.1129 4.5221
4.5440 3.5511
3.0208 4.2545
0.9036 0.5393
1.7438 2.0525
3.7126 3.2748
2.3510 2.5492
1.1436 1.4825
2.2522 5.3898
0.4325 0.4853
4.8737 6.1363
2.8120 2.7049
0.3179 0.7367
0.8322 0.6351
1.7915 1.4133
3.5242 3.3883
2.7234 3.5569
5.1023 6.5301
2.0467 1.8586
4.2296 5.1733
0.5130 0.3826
25.3526 71.1178
3.1461 2.8173
4.4311 3.2371
3.1833 2.9902
0.4558 1.7452
62.8007 78.3601
2.8515 2.2418
3.2433 3.6943
72.4733 72.5363
1.8135 1.7298
5.9645 6.7226
3.8753 2.5548
0.3472 1.0942
1.2041 0.8001
5.5961 6.2353
2.0089 1.4825
6.7982 6.8165
109.0645 119.8004
8.9592 10.5193
5.9072 5.4324
3.7574 3.5511
1.6101 1.3092
74.2160 77.3462
4.3922 6.2353
2.5088 2.7156
11.3588 23.6304
2.5091 2.9206
0.0013 0.2579
7.9722 4.9923
0.0973 0.1763
2.3085 2.5263
3.3637 2.8441
1.8809 1.2585
6.2882 4.5221
6.6629 5.6689
6.8379 6.5834
55.0336 69.9453
4.4976 3.5749
2.6841 2.1942
0.3469 1.4709
1.3776 2.9206
71.2891 79.4556
7.7892 8.5425
6.3018 7.4666
3.2383 3.5511
13.9000 24.8260
3.5156 3.4072
0.1936 0.2821
5.8479 4.5123
4.8256 4.9923
0.7383 0.9382
10.8780 7.5616
6.4067 5.4394
23.4185 24.0821
2.0794 0.8844
1.7799 1.4709
1.6003 1.2465
0.5248 0.6703
14.5871 24.0442
44.9574 69.9453
4.8774 5.4241
17.7491 11.1923
6.9482 6.7226
5.8479 4.5123
1.4352 1.2233
2.0374 1.2465
4.6964 4.4009
52.8949 69.9453
2.4585 3.5511
2.6626 3.6943
22.6989 23.6949
2.4311 1.8881
2.9350 3.5731
1.8372 1.3080
1.2405 1.2465
5.6086 6.2095
8.1877 6.2095
6.4833 5.6161
1.4978 2.1374
17.1782 21.4288
4.0753 4.4951
1.6638 1.3080
0.8846 0.4853
5.6051 5.9441
1.1608 0.8452
146.7614 101.2369
3.6433 4.4951
3.9757 3.5178
4.7363 4.9923
7.9050 11.3848
1.0313 3.3883
0.3219 0.2579
2.3937 2.6702
3.7074 3.5860
2.6384 1.2154
5.9155 4.6543
81.6906 76.2365
0.4500 0.7743
2.2906 2.7156
130.4825 102.2613
77.2765 74.2037
0.8803 0.7511
4.0768 4.6949
8.0805 7.4666
0.2816 0.2821
2.2731 2.9466
3.6329 3.4072
6.5152 6.9575
4.1834 5.4400
6.0640 7.2528
29.6561 76.2505
0.8532 0.6351
4.1727 3.2748
4.9086 3.5860
2.1652 1.7839
2.8589 3.7126
2.9814 3.4072
0.9810 1.0736
0.9697 1.1965
29.5615 44.1677
2.7195 1.8633
4.6964 4.4009
119.4969 127.8911
1.4268 1.3949
4.2112 2.8173
0.3179 0.7367
17.4746 44.1677
3.6583 5.5828
5.6707 6.7226
33.3339 69.9453
1.1955 2.8269
3.7263 3.0656
2.7196 1.7301
1.1693 0.7429
8.9592 10.5193
6.5020 5.4324
0.4041 0.3888
6.4526 5.8363
70.2369 77.0430
0.2229 0.2340
5.5961 6.2353
3.8253 4.0258
77.7014 77.2520
4.7549 6.9885
3.1298 4.8949
5.3735 7.5677
13.3560 23.6949
30.3359 69.9453
6.2694 11.3848
4.9066 5.4241
1.2928 1.0736
6.3334 4.4025
45.8810 69.9453
1.5929 1.3092
6.3629 4.2478
0.8646 0.8651
1.1636 0.4877
8.7947 7.6117
3.1183 12.4370
26.0592 44.1677
0.3216 -0.1344
1.5125 1.4709
5.8446 5.4241
62.8242 89.8583
3.5181 2.2101
68.8687 113.0186
5.5360 5.4394
12.0828 9.6884
60.9046 70.3846
2.4514 3.0865
3.1701 3.7126
5.3392 4.6379
146.7614 100.8458
1.2492 0.6504
18.4756 23.3869
7.9335 6.1363
7.8454 4.4647
7.5891 6.9526
1.8922 3.5749
4.4892 6.9688
38.6075 69.9453
0.6742 0.2340
5.9620 3.7126
1.5964 1.3067
1.2955 1.3092
36.8751 44.8474
0.1722 0.4942
1.6177 1.5784
99.9353 110.2252
6.8089 4.5264
0.2271 0.3452
7.8027 4.6949
1.4100 1.1965
2.0350 1.7943
0.1502 0.4942
3.0823 3.5178
9.1371 7.2528
21.7353 26.3581
0.2618 0.2667
7.7021 7.7031
12.1460 11.1923
4.8297 6.9885
4.1349 4.5123
1.0791 1.1101
1.8152 2.7156
5.2999 3.5749
5.0080 3.0409
1.1178 1.3281
2.6621 2.1308
44.0916 44.1677
64.0384 84.0420
5.5251 5.6161
13.1059 11.5674
6.6346 6.9688
7.3116 6.9885
2.1880 1.7839
71.9238 74.7003
2.9834 6.8165
1.2627 1.4689
2.8921 2.9206
1.6577 1.8659
6.7279 6.9526
7.0943 6.8694
71.9238 74.7003
3.5863 3.5749
1.0250 2.7049
1.1664 1.0064
0.2101 0.7429
1.7653 1.0594
4.2250 4.2776
0.8189 0.7511
87.8781 78.2120
6.5816 8.5425
17.0159 10.5193
2.1171 2.8441
5.3411 3.7126
6.3190 6.2353
0.2848 0.2792
52.5947 91.0261
0.9863 1.0942
4.2997 4.5264
0.0508 0.2340
19.1990 9.6884
5.0854 5.4324
3.7059 3.2371
2.9990 2.7303
3.2723 4.5123
6.6138 4.5264
5.3565 5.3898
6.6251 3.2754
9.4827 6.9688
2.0182 0.3452
0.6513 1.3092
3.9167 3.3102
2.4680 1.8586
1.2821 0.7429
23.0872 44.1677
0.3866 0.3888
96.3504 96.0350
8.4670 10.2322
7.1866 4.9923
0.8673 0.9412
29.5196 44.1677
85.1045 79.8341
72.4733 72.5363
36.8611 44.1677
1.3152 1.7392
3.0704 3.2754
0.9837 1.8881
63.5832 76.3199
35.7644 24.8260
0.7687 1.1765
4.2110 4.6949
2.6815 3.1298
1.1621 4.1424
5.7957 5.9242
1.5997 1.2585
7.2950 5.5996
6.3739 6.5834
3.4170 3.5860
1.8240 1.8633
1.7462 0.9275
5.8009 5.8363
2.6369 3.5749
13.4461 24.8260
6.2356 5.9242
2.3933 2.2101
5.1533 1.7452
84.8531 84.0819
3.8745 5.1733
1.1189 1.2233
0.4006 1.5784
3.9673 4.5653
2.0563 1.4709
3.7907 2.5263
1.2233 1.1765
3.5223 5.3898
0.9743 1.0811
119.4969 127.8911
12.0042 11.5674
0.2475 0.3452
14.8040 23.6170
15.7813 10.9073
1.9572 1.7839
0.5538 0.4942
0.3803 2.3729
7.0075 5.6161
3.9599 3.9132
4.6079 5.4400
2.7628 2.8441
62.2812 70.6610
1.8883 2.2326
6.1623 6.1363
11.1303 5.5366
0.6258 0.2667
3.7493 3.5178
0.8610 0.4942
1.0097 1.1101
24.8288 11.5674
3.1275 3.5569
0.4143 -0.0301
18.0089 24.8260
5.4938 7.4666
3.0704 3.2754
4.0778 1.0902
7.3116 6.9885
42.5679 69.9453
0.5361 0.5030
0.4820 0.9275
1.3600 1.1765
4.9828 4.6949
1.0338 5.6689
4.4508 2.8441
3.6104 6.9688
1.2405 1.2465
6.1217 5.9441
2.2996 1.4709
38.6368 44.1677
2.0921 2.8441
2.3564 3.3883
7.6969 7.6117
0.3212 0.2792
74.7401 76.2505
63.8181 68.7894
1.4910 2.2418
2.1230 2.1374
30.8135 69.9453
7.9021 4.6379
2.8865 0.6703
0.1929 -0.0328
8.7406 4.4951
3.4667 2.5548
3.4728 3.0409
4.8945 4.4647
3.2424 2.2797
1.9064 1.6409
0.7974 0.7367
2.9293 3.0723
95.2926 95.2944
107.2935 102.2561
4.2017 4.6543
9.8565 9.6552
3.3286 2.1942
2.7595 6.8165
3.7974 3.1539
0.6950 0.6335
4.4944 3.2872
2.1673 2.2101
2.5380 2.8602
4.3290 3.0723
50.9563 69.9453
3.1357 2.5548
33.3339 69.9453
8.9547 8.5425
56.3570 78.5152
1.2251 1.2876
1.3326 1.7839
0.5158 0.3025
2.7253 2.2326
2.0900 1.2055
1.4020 1.5784
26.9424 44.1677
1.8416 2.1374
4.2747 4.2478
2.8422 3.1298
5.1676 4.4647
5.0506 3.3883
4.7288 3.6943
4.0704 2.9127
3.7227 4.4561
0.2260 2.4546
86.0909 76.2266
4.3399 4.5264
2.3804 2.0658
2.4618 2.1693
7.0966 7.0007
58.4402 76.2365
1.9706 2.1374
2.9499 2.8602
1.1621 4.1424
6.2173 6.5756
4.2534 3.2748
10.2570 10.9228
95.7878 71.2773
2.8257 2.8269
19.2918 24.8260
77.9740 90.7617
4.1549 3.5860
0.0311 0.3857
3.1924 2.2797
3.1574 3.1345
136.6765 127.8911
6.4030 4.6217
0.7109 0.7367
9.4844 5.9242
10.0992 6.9885
0.4572 0.9847
0.2887 0.4956
1.3608 1.3281
2.0206 1.7848
7.3249 5.1733
0.0831 1.5500
3.2484 2.7032
2.1789 2.2724
1.7845 4.8949
2.1107 1.2585
0.4179 0.9429
2.4025 1.0811
82.0423 70.3846
5.3969 6.5301
7.4946 6.1363
11.6831 7.7031
5.7284 6.9688
11.5499 10.9228
1.7756 3.0409
4.8429 3.2748
43.3514 76.2365
0.1243 -0.1760
1.9852 1.8586
2.2832 1.7839
7.4403 6.8694
9.2669 10.5193
5.1826 4.4951
1.1608 0.8452
4.7240 4.6543
9.1019 23.6304
0.3115 1.4689
3.6341 3.3266
5.0624 4.5221
0.9770 0.8651
0.8199 0.6703
0.6552 0.4956
1.4087 0.8724
54.1173 26.3581
2.1605 2.0658
85.0101 82.3233
5.6048 6.6438
85.0101 82.3233
14.3211 23.6949
1.7734 1.7452
3.2240 3.2371
128.5947 113.7030
138.2089 133.2812
1.2772 1.2585
1.8885 2.7032
0.9544 1.4825
2.2009 1.3949
45.5174 68.7894
18.3893 44.1677
42.9506 69.9453
10.9112 6.9526
1.8206 1.8883
13.3999 7.2528
31.3476 72.8109
8.4120 24.8260
1.8052 2.8602
1.8331 2.2418
75.4579 78.3601
0.9371 0.6703
0.2846 0.5030
1.6958 2.1308
6.6501 7.0007
7.4197 7.6117
3.2389 2.9902
88.0369 79.2651
0.1020 0.2821
13.8511 11.1923
2.7213 2.9902
1.7915 1.4133
8.2423 6.7226
16.5251 24.0810
4.2821 3.7126
1.4536 1.7839
0.2293 -0.0353
0.2742 0.3025
2.1282 1.8883
8.9202 7.5677
9.0045 6.9526
0.2646 0.3826
5.7915 3.2754
1.9363 2.1308
0.3554 0.3826
0.1832 0.3067
4.7349 6.2353
2.6847 2.7049
2.3129 1.2233
1.2942 2.2724
1.6318 5.4241
1.2415 1.0942
152.5649 100.9446
3.1183 12.4370
0.9673 0.8580
0.4146 1.1101
6.2551 6.6438
5.1939 4.6217
8.5989 5.6118
0.4037 0.2810
0.7467 7.7031
11.9135 5.6118
3.5030 2.2724
9.3124 9.6552
0.6943 0.8844
103.9226 78.7501
1.5954 0.9412
3.7232 2.4546
2.7976 3.0723
2.0921 2.8441
6.5020 5.4324
0.0793 2.1693
1.3918 1.7848
0.3498 -0.0015
10.2613 6.5756
7.0952 6.8694
119.4751 104.4867
0.4505 0.3067
50.4220 76.2365
1.7252 3.9132
0.0152 0.2667
0.2287 1.0736
0.3685 0.2340
5.4210 4.5123
3.9540 4.2478
7.6831 7.2528
1.3736 1.2585
0.9345 1.3281
2.0331 2.1693
2.8447 3.0723
3.5904 1.4689
3.3227 3.1539
3.2127 3.5569
8.9051 6.6438
8.1890 7.5677
4.1098 4.2478
2.8805 1.5177
4.6141 3.2754
2.1591 9.6884
5.8428 5.8363
0.5448 0.5202
1.5046 1.4689
0.6797 2.2797
2.7904 3.1345
3.7805 2.1987
3.4771 2.9902
1.4805 1.2857
7.1015 4.5123
3.8777 5.6161
1.4910 1.8659
1.4522 2.2418
1.9703 3.1237
13.4339 7.7031
3.9500 3.7126
0.4006 0.3826
6.8047 5.5366
0.5137 0.3452
3.3587 2.8602
0.4943 2.4107
4.8215 11.1923
2.6597 1.9817
3.6602 4.4647
9.1588 23.6304
5.3229 5.1733
4.5003 6.8165
89.1801 70.7327
3.1370 4.6543
1.0172 1.5177
1.5297 1.4825
0.5478 0.2786
1.8596 0.8580
2.1512 3.3394
4.8133 3.5511
4.7652 5.6161
4.5989 4.4561
27.3415 69.9453
2.5073 2.5263
4.3874 3.7446
98.7815 107.3543
3.5163 5.6161
0.3816 0.8844
1.0729 2.7049
4.9192 5.4324
0.9261 1.4133
3.1227 2.0525
4.2122 3.6943
14.0350 23.6170
88.5763 76.2365
2.3501 2.9206
3.8934 4.2545
8.4795 6.5756
128.5947 113.7030
1.2972 1.4689
6.4948 6.7226
1.2265 2.2724
2.9805 4.4009
0.2825 0.6335
155.6185 127.8911
0.5815 0.4956
26.1746 23.3869
0.8977 0.4956
2.4661 6.9575
1.7335 2.2797
3.3249 3.1298
5.0078 5.4241
0.3753 0.6351
1.7463 1.7298
0.9454 0.7743
7.8905 8.5425
1.0723 1.1965
3.0646 2.9206
0.7900 1.0539
4.5943 6.2353
3.1725 6.9575
18.8791 69.9453
2.4316 2.4107
4.1400 3.8038
2.5319 2.2797
4.7961 4.8949
72.4733 72.5363
6.0016 5.6693
3.6116 3.2748
73.2621 69.9453
0.2821 0.2821
2.2226 4.9923
16.7593 10.2322
7.4137 6.5834
100.0642 100.5768
1.0705 1.1717
2.6209 2.4107
0.7820 1.0902
4.3034 4.2776
0.3496 0.5393
11.6918 22.6081
4.5923 5.6693
2.5918 3.3102
4.4966 1.8633
4.8701 4.5123
3.0848 3.4072
1.6130 1.6409
0.6118 0.4853
3.3136 3.0656
3.5156 3.2748
117.5269 100.9446
3.3938 3.1539
2.6610 3.1090
1.2841 0.9429
54.5816 69.9453
0.0353 1.0811
19.7355 44.1677
3.0825 3.1237
1.2405 1.0064
0.1848 0.8452
0.6010 1.2055
0.3897 0.4853
122.2885 96.0350
119.3758 113.7572
1.6606 1.0811
2.0431 1.0902
0.6985 0.3888
4.2464 4.5264
0.9007 1.5177
1.6530 1.4942
30.9547 44.1677
8.8727 9.6884
1.0288 0.9847
1.5713 1.2876
0.6170 0.2821
1.5630 0.8580
1.6926 1.0539
0.9391 1.9817
8.4896 7.2528
7.6459 6.1363
5.1019 5.9242
2.5744 2.7032
1.5021 2.9902
0.8340 0.5030
2.6822 1.4689
0.6518 0.6703
3.2588 1.7301
0.1122 -0.1932
0.8509 0.9412
8.5698 6.8694
39.2148 44.1677
3.3578 0.6351
2.4699 3.1090
2.6921 3.1152
1.7741 3.1298
2.1982 2.7032
5.0627 4.1453
2.2568 1.2233
2.5085 2.5337
5.3763 4.9923
1.5713 1.2876
2.5986 2.5492
0.3669 0.3452
0.5437 0.9010
46.1727 79.8265
1.6697 0.9041
5.0384 3.1189
2.2752 1.8883
4.3027 3.3266
2.3156 2.8173
4.2515 4.5264
1.2398 1.8659
3.2637 3.5188
3.2950 4.6011
1.7721 1.7848
3.3029 5.6161
54.8950 69.9453
2.1196 3.0409
2.7391 3.0865
0.6543 0.7511
4.4311 3.2371
1.5695 2.1693
0.6812 0.9382
4.5333 4.5653
7.5311 6.5301
5.0633 4.9923
67.4837 74.2037
7.8523 6.5834
4.7210 5.6161
2.3573 3.8038
1.9787 2.0658
0.4730 0.7511
1.8789 1.8883
0.1259 0.2667
1.7894 1.4825
1.2070 1.5784
1.0075 1.0539
2.1466 2.7156
1.0288 0.9847
7.8017 7.2528
10.9100 11.3848
7.7612 4.1424
1.4683 0.8001
0.2771 0.4877
2.1703 2.3729
0.0721 0.2786
23.5633 24.1374
1.5087 2.2724
4.4486 4.6949
2.4704 2.1374
3.0422 2.9127
0.5753 1.3092
3.4192 2.2418
2.4786 2.7049
2.1017 5.6693
3.4621 3.3883
8.1879 44.1677
1.8110 2.0658
1.3506 1.5177
3.5017 3.5178
3.7126 3.2748
4.0030 3.1345
107.3765 101.2369
2.7241 3.7446
0.2511 0.2340
0.4006 1.5784
64.0384 84.0420
5.8555 5.6693
4.9687 5.4400
4.3600 3.1237
1.0802 1.7452
1.9426 1.2465
4.5783 6.1363
125.2658 127.6420
1.3636 1.3067
93.2147 102.2561
3.0028 3.5731
1.4598 1.8633
0.0688 0.7429
1.6106 1.2233
3.0126 0.6351
6.4841 5.5828
5.1936 6.5301
70.1390 70.7327
1.2150 0.9382
6.3408 5.3898
3.5854 3.0865
4.6440 5.4241
6.0556 7.4666
3.4981 3.8038
1.3600 1.1765
2.9961 2.2724
3.7740 1.3281
0.1151 0.2810
0.8656 0.8651
1.8145 1.0811
3.2115 2.2418
0.8110 1.8586
2.3944 1.8633
2.4545 1.8304
0.8607 1.7999
3.6770 2.5492
85.0903 104.4867
6.6925 7.0007
1.2246 1.4689
16.1404 10.5193
2.4280 1.7760
0.6593 2.9902
60.4231 69.9453
2.0647 2.9658
0.4725 2.2724
15.0483 11.3848
1.1857 1.8304
0.2647 0.7743
0.1266 0.8580
7.1636 6.9575
81.2320 112.7543
54.5750 69.9453
7.0992 7.7031
2.5073 2.5263
4.6667 5.9441
10.2796 23.6170
2.5323 1.7392
0.9348 0.4853
11.3388 7.6117
4.3410 4.4647
3.1711 4.4951
1.1839 1.2857
13.0333 9.6552
94.7945 91.0261
8.0572 4.6396
11.7065 7.2528
13.9048 10.2322
4.4722 3.2754
0.8045 0.9412
0.6502 0.9275
89.1801 70.7327
3.1050 3.1152
2.3440 4.5123
6.3446 6.7226
2.3294 2.2797
3.2511 3.5188
0.0094 0.1763
3.0126 0.6351
88.5763 76.2365
31.9333 44.1677
115.0609 114.5907
37.9187 44.1677
3.6043 2.6702
0.0726 0.2810
1.0259 1.4133
6.1193 4.2776
0.3181 0.2792
62.1907 69.9453
4.3206 3.9132
7.5891 6.9526
20.1329 23.1979
156.8002 102.6278
0.7711 1.5784
9.4956 44.1677
44.1580 5.4324
8.7406 4.4951
2.8481 4.2776
6.4650 7.5677
0.0161 0.2340
4.6827 6.8694
3.4667 2.5548
73.8948 69.9453
0.1374 -0.2824
9.8217 8.5425
1.7028 1.2055
0.1504 0.9010
6.2864 7.4666
6.1363 5.6693
3.8210 4.4025
3.4538 4.5653
0.4138 0.2667
0.1487 -0.0173
9.0552 9.6552
1.1839 1.2857
58.8949 77.0430
1.4957 1.7839
7.8971 7.4666
0.9206 1.4709
7.5883 9.6884
1.3222 1.5500
15.1186 69.9453
5.2374 4.6011
0.1063 0.1763
1.5997 1.2585
4.2781 4.9923
4.5502 3.7446
7.5195 7.8675
4.2499 3.3883
7.7770 7.7031
4.9689 5.5996
1.6186 1.8633
2.6734 3.5731
8.4497 6.9575
4.8325 4.8949
0.1978 0.7511
9.5431 7.7031
6.4235 3.5749
1.1499 0.9412
8.4614 6.5756
1.8904 1.3281
8.1418 3.5569
2.7914 3.1152
15.4571 24.0810
0.1222 0.8580
0.3851 0.4853
3.3557 2.7049
1.9366 1.8633
1.1707 0.4942
6.3318 6.5301
4.8598 4.6217
0.6880 0.5030
0.9060 1.7298
6.2913 4.6396
3.9322 4.5123
0.0611 0.3826
2.3973 2.1374
70.5599 78.3613
3.5374 3.5860
1.2376 0.9847
7.1676 7.0007
146.7614 101.2369
0.9960 0.8651
0.0780 2.2101
2.3458 2.2724
4.9773 6.2095
2.0796 1.9817
0.5001 1.8586
3.0017 4.9923
0.2133 0.7511
2.0111 2.8173
2.2957 2.6702
7.1359 6.2353
4.7087 4.6949
6.9170 6.9885
45.5529 69.9453
1.8472 1.1717
0.6564 0.8452
13.8980 24.1374
9.7868 7.5616
2.6865 2.7032
0.9215 1.3080
80.4445 81.6158
1.5840 0.8001
2.4174 3.1539
6.4089 6.9575
2.8513 2.8269
2.8724 3.5178
4.4887 4.9923
19.3064 69.9453
83.7569 102.6278
15.3418 10.5193
9.3450 44.1677
3.5650 3.5860
4.4112 4.4647
1.7536 0.7367
4.6134 2.5337
1.4139 1.8881
6.5013 6.1363
3.0208 4.2545
9.0086 6.5301
13.7555 10.9073
2.2826 1.3067
10.1487 6.8165
2.1653 1.2857
0.5815 0.9041
4.2561 3.7446
127.7155 91.0261
3.2185 4.6396
6.3811 6.9688
26.8796 23.6949
1.5128 1.2876
3.9114 4.4951
2.5867 2.5548
8.3436 9.6884
1.3736 1.2585
1.6928 2.8441
0.4648 0.6335
1.4898 1.7760
4.9940 6.2095
2.5088 2.7156
0.7592 1.2857
3.1298 4.8949
4.4632 2.7156
0.4975 0.2786
2.2759 1.7760
10.3750 9.6552
4.1926 5.6161
0.6646 0.8724
6.1501 5.9441
17.2716 23.3869
4.4936 4.4951
102.9152 102.9244
78.8560 70.7327
0.2884 0.6504
3.5449 4.0258
0.4907 0.9847
47.1796 70.3846
4.1362 4.0258
5.5259 4.5221
80.0261 79.2651
2.3891 2.5492
3.5181 2.2101
2.3901 2.2326
1.6753 1.7760
4.2605 4.4951
7.3004 6.6438
1.0730 1.5177
18.3278 11.3848
48.3546 76.2365
0.5723 0.4942
1.5954 0.9412
10.7548 11.5674
0.4745 0.1763
3.6290 2.5492
33.7383 101.2369
113.0949 113.1006
3.9755 3.1090
1.7680 1.5784
1.1754 0.9429
1.1885 1.4133
5.5539 4.4933
1.5967 1.7301
31.7216 24.8260
5.8338 5.9242
1.7304 2.7032
1.2902 1.7943
4.8073 4.5123
4.3477 4.4647
3.7839 3.7126
20.1329 23.1979
0.4052 0.4853
0.6775 1.0902
22.3208 4.9923
4.8938 4.6011
0.7830 0.9041
1.1195 1.1765
1.2833 1.2857
13.1245 11.1923
0.4137 0.5393
0.5460 0.4853
75.4579 78.3601
13.6280 12.4370
0.3615 0.9041
22.3247 7.2528
2.0236 1.7301
1.2581 0.5393
3.4986 2.9902
1.3353 0.8651
4.4425 4.2545
5.9620 3.7126
9.1028 6.5756
27.5187 44.1677
1.8067 1.9817
1.5928 1.7298
2.5102 2.2724
7.9989 5.6161
96.3821 81.3910
7.0929 7.2528
0.4338 0.6504
11.6918 22.6081
1.0160 1.0811
69.9458 69.9453
4.8962 4.5264
2.5453 3.0656
3.8598 3.8038
2.6433 2.0658
1.3143 1.0594
10.2138 7.6117
7.4393 5.8363
2.5667 4.5123
3.7616 4.2478
128.2951 95.9434
5.8795 10.9073
1.7257 2.2797
4.3469 3.5569
2.2474 1.7839
5.2968 4.5264
0.4664 0.2579
1.6056 1.3092
87.8781 78.2120
112.3729 112.7543
4.8172 3.8038
3.7655 4.6949
12.4413 0.7511
3.6281 4.5264
94.5514 84.0819
5.8477 6.7226
5.9729 5.6161
5.3341 3.7126
1.0583 1.7298
2.1326 2.2326
10.8569 23.6949
10.4943 10.5814
105.1571 119.8004
6.4558 6.6438
3.1725 6.9575
103.5934 98.4719
1.5788 1.0064
0.8090 0.9041
9.3201 7.7031
0.5059 0.4956
5.7532 5.5996
0.7371 0.7743
2.3156 2.8173
7.8907 6.9688
2.2896 1.7848
2.4610 3.3266
3.9342 2.9902
1.2411 0.9382
12.7069 10.9073
4.8562 4.8949
6.0624 5.5996
5.1676 4.4647
4.2653 5.5366
0.7813 1.3080
1.2217 1.2857
0.5299 0.4956
2.4096 2.1693
3.0745 3.0865
1.0228 1.2857
5.6796 5.6161
83.5470 91.0261
5.7904 5.3898
3.2050 2.4107
4.9981 5.3898
0.6154 0.7367
4.5874 4.4951
5.7304 6.7226
4.9957 2.9127
0.5892 1.1965
2.1985 2.5337
78.8742 100.9446
107.1534 90.6504
105.0974 90.6504
4.5887 3.0182
3.3768 2.8269
0.3634 0.3025
2.0647 2.9658
4.6599 4.8949
122.3198 95.7087
0.7408 0.8651
0.3450 0.4956
2.2591 2.0525
0.5830 0.9010
128.9419 127.8911
5.0072 5.9441
27.9403 26.7902
4.0525 4.6396
0.1161 0.2792
82.1567 100.4682
1.2563 1.8586
7.3324 6.6438
11.7038 10.9228
2.4702 7.4666
1.9656 1.0064
4.7515 5.5996
0.5120 1.2055
3.0154 2.9658
1.6028 1.8304
1.9322 1.6409
1.6360 1.3281
2.3475 2.9902
0.1123 0.2667
4.9840 4.5264
0.9989 1.4942
4.1378 2.9658
1.4154 1.0736
0.0120 -0.0904
1.1761 1.1765
2.6676 1.1765
3.5472 3.2748
0.7610 1.0902
5.6167 5.6161
4.7335 3.1237
2.0222 2.2724
3.2196 3.0182
5.4186 5.1733
1.0807 1.4689
3.1905 3.3102
2.9290 4.5123
74.5194 93.4277
3.8600 3.1298
0.1410 0.8580
1.2618 0.8724
4.2872 4.4009
1.7655 1.7999
68.7931 68.7894
5.3030 6.1363
50.6065 80.2741
6.9760 6.5756
4.9292 1.1101
3.4046 4.4933
78.8896 69.9453
47.3297 76.2365
2.5148 2.2797
2.0517 2.5263
2.9361 3.1237
6.8455 7.0007
2.3154 3.1189
0.7807 1.0736
3.9567 3.1090
43.7173 44.1677
8.3903 4.6543
0.5495 0.2792
4.2581 3.4072
74.5194 93.4277
3.3961 4.6217
3.7496 3.1189
3.6356 4.5123
3.6333 2.9902
4.4586 3.3394
1.0910 2.4546
0.9278 1.0539
1.5032 1.4825
2.2027 4.5221
2.5410 5.4241
4.7823 4.6949
101.7293 101.4490
5.8655 4.4951
2.9770 2.7156
0.8341 0.5202
1.7030 1.8304
1.2717 2.5263
2.1466 3.2371
9.2960 10.5814
0.9456 1.9817
1.3803 0.5393
0.1693 0.2579
2.6183 4.6011
133.1963 114.4563
1.8239 2.9902
84.1860 98.4719
3.2615 3.0656
77.9794 78.0750
3.0934 5.8363
2.4622 1.4133
1.7176 2.0525
1.2643 1.2465
63.1101 71.0907
2.6968 4.6379
3.1227 2.0525
3.0563 2.9902
96.3323 74.7556
7.1015 4.5123
0.4804 0.8673
3.7295 4.4561
1.4052 1.0942
1.7566 1.3092
0.7264 0.5393
3.7685 3.3394
3.4538 4.5653
7.1240 3.5860
3.4994 4.5221
0.3006 0.3452
1.2947 0.4877
89.4190 77.3462
0.4625 0.7511
14.8085 10.5193
0.5420 0.1763
6.2982 6.6438
6.4159 5.4241
6.5020 5.4324
1.7794 3.0723
5.9927 4.5653
1.1378 1.0942
1.8755 1.7760
1.8659 1.0902
1.2534 1.2055
3.0791 2.2326
4.2074 4.4933
1.3035 1.4689
87.3407 71.2773
0.5637 0.2792
3.8646 3.3394
0.7865 1.4942
7.5311 6.5301
4.9765 5.9441
116.0571 114.4563
0.5098 0.4956
37.5028 76.2365
1.4973 1.4825
0.6285 0.3067
1.8580 2.1308
0.8170 0.8001
5.7174 5.5996
3.3911 3.7126
38.6368 44.1677
73.6738 81.0449
0.5645 0.6335
6.5606 6.6438
2.0674 2.5263
0.0909 -0.0925
0.4592 0.7743
2.4600 4.4025
34.7011 76.2365
3.7255 2.1308
1.1636 0.4877
3.9591 4.4025
40.0740 74.7556
80.3377 90.7617
16.7159 23.1979
71.1874 44.1677
0.7881 0.3826
6.3803 6.6438
0.2018 0.8452
10.7399 11.5674
6.5070 4.5264
54.3776 102.2561
3.1215 3.0865
3.7057 1.7839
0.7070 0.4942
6.2567 5.4324
4.3869 2.8441
4.1435 4.4009
5.4584 4.6949
5.0633 4.9923
6.7140 6.5756
0.4386 0.8580
2.6404 3.5803
11.7038 10.9228
0.3895 1.3281
5.3805 6.5834
3.0217 3.3266
90.4431 79.4156
4.1332 5.5366
8.2255 6.5756
5.0366 4.1424
1.7799 1.4709
4.8576 5.6689
7.9972 5.9242
2.1909 1.7298
6.3629 4.2478
4.0357 6.2353
1.9835 1.7943
7.1039 5.9441
0.6096 0.8782
1.1611 1.4689
2.2694 1.7848
4.9457 6.5834
0.7407 1.3067
1.1778 0.2288
3.4626 5.4324
4.0356 4.5123
68.2454 79.4156
2.9243 3.0656
2.8660 3.1298
4.0778 1.0902
0.6943 0.8844
1.4421 0.9010
1.1636 1.7760
11.6917 11.5674
2.2599 2.7049
4.9292 1.1101
2.4295 4.9923
1.0331 1.3092
2.9478 3.1539
4.1890 2.5337
8.4131 7.0007
0.5920 1.0942
2.3873 3.1090
0.8966 1.3281
146.7614 101.2369
0.6443 0.8782
6.8733 4.2545
3.1292 4.1453
5.1173 3.1237
91.5073 90.7617
70.2369 77.0430
6.3178 4.6379
4.5469 2.5263
0.0564 0.2667
101.5549 113.7030
28.6996 44.1677
5.1828 4.1424
2.5852 1.7760
9.5523 8.5425
0.7772 0.8651
26.1707 44.1677
5.2508 4.5264
0.0055 0.5202
1.6313 0.9429
0.6593 2.9902
1.4973 1.4825
3.5032 4.6011
5.7238 4.6396
1.3626 3.2371
3.4305 4.4009
1.3002 1.4825
6.9482 6.7226
82.1955 80.2741
6.1640 4.8949
4.8133 3.5511
33.1247 44.1677
0.3511 0.8001
1.5669 1.1316
2.5410 5.4241
96.7292 86.6566
1.0766 0.8844
1.6646 2.8602
2.8457 2.1308
0.0706 0.2821
1.2988 1.7301
59.4721 69.9453
0.0548 0.4942
113.0949 113.1006
1.2788 1.7839
2.5604 3.1090
3.1489 5.4400
3.3227 3.1539
1.9714 1.3067
101.2812 78.2120
0.7300 0.3826
69.9458 69.9453
1.0866 1.0539
6.1363 5.6693
7.4028 4.5653
5.5608 6.8694
18.3893 44.1677
1.7378 1.3092
2.5702 2.7303
0.6132 1.7298
2.9687 2.4107
1.1608 0.8452
127.1368 124.9740
8.0948 12.4370
65.9839 78.6319
95.2926 95.2944
1.6980 1.7943
0.6739 0.9010
0.9781 1.5500
113.1668 112.6728
2.2015 4.4951
1.8488 1.7848
4.9589 4.5221
10.6224 10.5193
2.8181 3.5731
0.4453 0.3888
3.4898 1.5500
1.5429 1.7301
1.2852 0.8782
7.2918 7.6117
1.3343 2.2326
6.4602 6.9885
0.3864 1.0942
3.9670 3.1237
0.0055 0.5202
8.5621 6.8165
1.0080 1.0539
4.2119 4.5264
75.5975 92.4939
4.7322 2.1374
153.7661 127.8911
0.7047 0.9847
23.2880 44.1677
2.6233 2.7049
21.9646 23.3869
4.2543 6.6438
72.2878 73.1390
0.6143 1.0811
1.0160 1.0811
0.8494 1.2857
5.2672 5.6118
1.9263 1.0811
2.9761 2.9466
1.1026 0.8673
0.0455 0.1763
95.2926 95.2944
2.2298 2.8269
0.8160 0.7743
2.6459 1.5177
7.8435 7.0007
14.2886 22.2545
3.7364 3.7126
0.1012 -0.1048
6.0344 4.5221
39.1566 69.9453
15.7813 10.9073
3.8639 4.0258
2.9423 3.7126
1.2216 1.0539
0.3420 0.4853
119.3758 113.7572
1.0110 0.3067
0.7840 1.2585
1.5235 0.9429
7.5900 3.4072
2.8246 3.1539
1.2286 1.0811
2.5612 2.5337
4.1854 5.6161
24.8327 23.6304
0.8820 0.3452
88.0369 79.2651
0.9991 2.1374
0.0169 0.8782
0.2058 0.6351
0.0372 0.2340
0.1029 0.1763
1.8520 2.1942
0.7467 7.7031
8.3842 6.5301
3.4569 3.0182
7.3722 6.6438
1.3490 1.7301
0.1262 0.6504
5.5325 3.5178
4.8805 3.9132
3.7760 3.0865
0.1189 -0.0002
0.3165 0.5393
2.1618 1.4825
0.5861 0.2579
1.9343 1.2055
1.0723 1.1965
1.5636 2.1374
2.4294 3.2754
25.5086 24.8260
2.6113 1.4942
0.6203 1.0902
3.3029 5.6161
2.3564 3.3883
27.8318 69.9453
3.9117 3.9132
77.8945 90.3624
7.8085 7.5677
3.4576 2.7032
38.2079 101.2369
8.8313 5.6161
3.6324 4.4951
2.5524 2.9206
6.0003 3.5731
3.1778 4.4951
89.7076 123.8468
8.0916 5.8363
0.4278 0.8651
0.9292 0.6335
122.3586 93.4469
3.2172 5.4400
3.7796 2.4107
2.7145 2.8269
69.5188 77.3462
3.0586 4.0258
2.8873 2.5263
3.7259 3.3883
1.4904 1.7760
1.7537 2.0658
43.9644 69.9453
0.9136 2.4546
1.1151 1.4825
2.1310 3.2371
0.5290 0.1763
0.1366 0.1763
1.0741 1.3281
2.5452 3.2872
2.4035 2.1693
2.2790 24.8260
1.0431 0.8001
3.0934 5.8363
4.1335 4.6396
1.6702 0.6335
0.2454 1.0736
69.6589 70.3846
2.1177 2.2326
3.3226 2.9127
3.8425 3.5188
60.4274 74.7003
0.9130 0.9041
85.2821 79.8265
0.0793 2.1693
4.9279 5.4394
3.1013 2.5548
1.5616 1.2154
0.8064 0.7743
15.9336 24.0821
10.1464 69.9453
0.4123 1.2465
5.4873 4.1453
4.6745 4.6949
11.4942 24.3295
1.3423 1.7999
15.8100 25.8232
3.6803 3.0865
1.3896 1.7760
5.8428 5.8363
3.1493 2.4107
1.8766 1.9817
5.9139 4.6011
7.6730 5.9242
9.0881 7.4666
95.3066 109.0902
4.8305 4.4933
1.4796 0.8580
2.1560 2.7303
4.8256 4.9923
2.7253 2.2326
53.5149 76.2365
0.0678 0.5393
4.4244 3.1090
2.5200 2.8269
78.5429 78.2960
48.3357 107.3543
3.4091 6.2095
0.7109 1.0902
12.8473 11.1923
10.8488 10.5814
2.7195 1.8633
2.8865 0.6703
31.9432 44.1677
1.0723 0.9382
0.4683 0.9041
6.3683 5.3898
0.5067 2.2724
0.5284 0.2786
0.1633 0.6351
2.3004 1.7452
70.8783 77.0118
3.3217 2.7049
19.3894 23.6304
0.5291 0.3067
1.2146 1.1717
3.3418 3.3266
0.6866 0.8782
0.8110 1.8586
2.1326 2.2326
95.3066 109.0902
1.4176 2.0658
1.7174 1.4689
1.3390 1.1316
1.3659 0.9847
42.3225 44.8474
1.9048 1.7848
0.9896 1.0902
3.4977 4.4647
0.4888 0.6504
4.5552 4.9923
3.5854 3.0865
0.2618 0.2667
0.4836 2.1308
0.5811 0.3826
0.6942 0.8844
17.2000 24.3295
3.4035 3.5178
1.0313 3.3883
3.1416 2.7156
0.7881 0.3826
0.6593 2.9902
0.3181 0.2792
2.1770 1.7760
1.8128 0.8724
6.3031 5.8363
7.1175 4.2545
0.0508 0.2340
0.1947 1.1717
3.5216 2.1693
6.4089 6.9575
74.2160 77.3462
3.2723 4.5123
1.5802 1.5500
5.3341 3.7126
0.8060 0.9847
4.5088 3.3102
2.4767 1.7452
101.6698 113.7030
3.0727 2.5548
6.0604 7.0007
1.5801 1.5784
1.6029 1.1965
7.3233 6.9885
0.2071 0.7429
0.0148 0.3888
12.7671 11.5674
1.3682 3.2371
67.4837 74.2037
1.6418 1.7298
1.0992 1.2055
27.2259 24.3295
17.2864 44.1677
15.1042 10.5814
0.3873 0.2667
5.6889 5.3898
26.0132 25.0664
3.8650 3.0656
1.8905 1.8633
8.1589 11.3848
0.0491 1.2465
30.1578 44.1677
12.0886 9.6884
126.6219 123.8468
5.5023 5.4400
0.3985 0.3826
4.4486 4.6949
1.8892 2.4107
0.7416 0.8673
3.4319 3.0723
5.9771 5.1733
16.8341 24.8260
2.6385 3.5569
1.2415 1.0942
2.7708 3.7126
1.2895 1.7301
2.7513 2.1987
2.5397 1.4825
0.7809 0.4942
0.2293 -0.0353
1.5397 3.0409
0.0663 0.5030
3.5172 3.5188
20.5966 69.9453
36.0693 70.3846
1.1572 1.3080
20.7504 21.4288
4.0831 2.0525
2.5021 2.5337
1.0951 0.9412
14.2556 7.5616
0.9343 1.0594
3.7785 3.1152
0.6007 0.3452
3.5359 3.5749
3.4142 3.4072
2.9114 2.7032
0.3716 0.3452
1.3131 1.6409
4.4734 4.5221
1.1482 0.8673
2.0289 1.8304
3.9567 3.1090
4.8830 5.6693
15.5854 11.5674
0.3746 0.4877
101.2650 72.8109
0.4969 0.2810
0.5550 0.3452
0.3779 0.3857
7.4137 6.5834
5.8777 5.4394
4.3246 6.9526
2.1881 3.1189
0.9989 1.4942
1.9949 1.1101
2.7920 3.0656
0.0491 1.2465
2.4655 2.2326
6.3746 5.4394
2.9867 2.3729
4.0120 3.1310
61.1447 77.0231
9.9462 9.6552
4.8134 3.1345
4.1488 4.5264
1.1129 0.7511
6.4030 4.6217
9.0884 7.0007
0.3668 0.3826
3.3984 1.8659
3.6393 3.5803
131.8483 127.8911
3.0231 3.3394
6.1105 4.6949
2.2407 1.4133
0.5718 0.8452
51.0912 76.2365
3.7858 3.5511
63.1101 71.0907
3.5564 3.3266
1.1763 1.4689
0.2693 0.8452
79.9776 79.9754
0.2198 0.2810
0.8785 0.8782
5.1589 4.4933
3.2879 2.5263
3.5140 2.1374
0.8985 1.0942
8.1006 6.7226
1.8552 1.1965
2.2738 2.8269
5.5714 5.6161
0.4558 1.7452
4.5316 5.3898
8.1877 6.2095
22.6989 23.6949
0.3791 0.3888
5.2538 4.4009
3.2064 2.2724
6.1495 10.2322
4.1402 3.9132
0.5001 1.8586
35.7644 24.8260
7.2250 5.6161
2.0197 3.1237
6.5662 5.6161
76.3431 93.1104
0.0282 0.9275
1.1584 1.1717
1.7203 0.8580
2.8662 3.1298
2.3802 3.0865
8.9679 9.6552
3.0877 3.0865
0.2152 0.2579
3.4981 3.8038
0.3779 -0.1412
0.2289 1.2154
52.3706 76.2365
5.3534 6.2353
2.1377 2.2418
5.1451 4.6379
1.7187 1.2154
37.9836 10.9228
5.4632 4.4933
3.5904 1.4689
3.1560 3.4072
11.8248 11.1923
2.7138 3.5749
3.0882 2.7032
1.0532 0.8673
0.0988 0.2821
10.7754 6.9885
2.4384 2.1987
4.1113 3.3266
0.1151 0.2810
0.3589 0.2288
0.4979 1.1765
4.2844 4.2776
4.7753 5.6161
3.0882 2.7032
1.1636 0.4877
0.9039 1.2876
3.1956 3.5803
5.1533 4.6011
2.2507 2.1942
4.1605 3.1152
2.8805 1.5177
0.6306 0.3888
1.8083 2.4546
5.2963 1.8881
4.6918 4.6543
0.1869 0.8673
2.1771 1.5784
6.6355 6.6438
3.7974 3.3102
147.7318 114.4563
3.6507 4.4951
1.2671 1.7392
2.1863 1.3949
0.0743 0.6351
7.5453 4.5653
3.7609 3.1310
5.3751 5.5996
5.0881 5.6693
7.6795 6.7226
3.4428 4.0258
16.3577 26.7902
5.6941 5.6118
0.1135 0.2821
0.5872 1.7298
0.3716 0.3452
1.0356 0.6504
0.6053 0.8001
7.1779 4.9923
3.1560 3.6943
3.3566 3.5803
4.8576 5.6689
2.4853 2.8173
5.3451 5.4394
0.2627 0.3857
8.1526 2.7303
1.4354 1.0811
1.9609 1.5177
1.3922 0.3857
6.4381 5.5996
5.1843 4.5264
7.9722 4.9923
0.6709 1.0902
92.8963 95.9434
2.9973 2.3729
5.4584 4.6949
83.5462 104.4867
9.2676 9.6552
27.3084 25.6684
4.9947 4.4009
2.0057 1.8633
0.6098 0.8001
7.6900 4.0258
2.4702 7.4666
3.8819 3.0182
77.4899 77.4895
4.0434 2.1374
2.0542 1.7392
1.5455 1.2857
0.6742 0.2340
0.3849 2.3729
3.7070 1.8659
14.0286 10.5814
0.4905 1.1765
0.1605 0.8651
5.4096 3.4072
0.1402 0.2821
2.7804 7.5616
4.9493 4.2545
1.7228 0.8452
1.3415 0.4877
3.9577 3.1237
2.4518 3.4072
5.6051 5.9441
1.2879 2.1374
0.6276 0.2821
119.4969 127.8911
63.1101 71.0907
2.4027 1.9817
74.9060 77.5272
11.0151 6.8165
1.0235 1.7999
1.8240 1.8633
1.9741 1.3949
8.3678 11.5674
4.0644 3.7126
1.0492 0.9275
1.9256 2.0525
10.9468 6.9688
6.7000 7.8675
113.5335 113.3897
0.7514 0.8001
0.1173 1.8883
1.7558 2.5548
0.1860 1.0064
2.5409 3.7126
0.1204 0.2821
0.8151 0.2786
7.9021 4.6379
0.8738 0.8452
2.9828 1.8304
6.7615 4.9923
0.8518 1.1316
1.9601 2.5548
11.9372 7.8675
6.8896 6.2095
3.6290 2.5492
0.9830 0.8724
1.9800 3.3394
9.5481 6.8694
1.8115 0.9412
2.0387 1.7943
4.4863 4.4561
7.9524 4.6379
2.8784 2.8602
3.0313 3.2754
3.4214 5.6161
1.1736 2.5263
4.0131 3.5803
0.2289 0.4956
4.1265 3.5569
0.1517 -0.0385
2.1025 3.3266
11.2348 24.8767
3.2328 3.8038
2.2507 3.5860
6.3456 5.6689
1.0174 1.1101
0.6282 3.5178
1.7507 1.7839
1.4805 1.2857
1.6779 1.8883
1.5887 1.6409
92.4658 105.1730
0.2200 0.2786
2.1795 1.7760
2.9766 2.9206
73.5462 78.5152
3.1489 5.4400
5.9515 5.5828
54.1679 72.8109
2.5452 3.2872
2.4092 2.4107
3.9721 4.4025
4.7310 2.2797
64.8330 70.3846
20.4457 24.0810
8.5989 5.6118
0.0183 0.4956
4.1431 3.8038
2.7985 4.5653
1.4125 1.0736
99.3587 100.9446
0.2747 0.8673
129.7317 106.1740
0.4683 1.1316
0.8978 0.8673
5.1936 6.5301
4.3126 3.5188
42.3225 44.8474
3.4319 3.0723
14.5807 24.8260
1.1926 0.8724
4.6983 4.6011
1.7626 3.1152
0.0531 0.2579
4.4077 4.6011
5.6383 6.5301
19.2573 24.1374
0.4475 -0.0293
9.0328 5.6161
9.1674 6.9526
0.0271 0.3826
2.7213 2.9902
1.3415 0.4877
10.9678 4.2545
2.2009 1.3949
2.0720 2.7032
52.5280 44.1677
3.9938 3.5178
8.1574 4.5221
6.7875 5.4394
98.3020 76.2266
3.9117 3.9132
3.0806 3.1152
4.8323 3.3883
4.2141 3.7126
3.4479 4.5264
3.6155 3.2371
3.0754 2.5337
7.0295 6.8165
4.5846 3.9132
15.8572 10.2322
2.3502 0.8651
0.9188 2.0525
18.5385 24.3295
1.7255 1.7839
7.3659 5.3898
2.1411 2.4546
3.6838 3.8038
40.6892 44.1677
3.5151 2.7032
0.9701 0.8580
2.2455 2.2101
2.9423 3.7126
0.6419 0.6703
0.3517 0.5030
3.1613 2.2724
1.8552 1.1965
24.3762 11.5674
1.4272 0.8580
1.5869 1.8883
1.0768 1.0594
4.4317 3.5803
0.7109 0.7367
1.5821 2.2418
10.5266 8.5425
0.4358 0.2810
22.8047 44.1677
2.9936 3.0865
6.2817 3.5803
5.7972 6.8694
127.4967 90.7617
3.1751 4.1424
5.9863 6.6438
1.7260 1.5500
7.1779 4.9923
1.0021 0.8001
2.7568 3.7126
1.8039 2.2797
18.3418 8.5425
4.7666 4.5123
79.7954 79.8265
60.4231 69.9453
3.7805 2.1987
2.0446 0.6335
14.7202 10.5193
1.4635 0.8844
2.7567 3.3102
4.2836 3.5511
1.9231 1.7298
0.9053 0.9041
2.5243 2.1987
3.1094 4.2478
85.2821 79.8265
2.5561 1.4709
7.0438 7.0007
4.2569 1.7392
1.6997 1.1965
2.6398 2.6702
0.3511 0.8001
0.5560 1.0064
1.2662 1.4709
49.7232 44.1677
7.8522 6.9575
3.8533 4.1453
0.2934 -0.1048
69.0150 74.7556
80.4445 81.6158
1.0014 1.0064
3.0152 2.7049
2.1985 2.4546
0.6672 1.8881
5.0570 3.3394
12.1969 24.0821
8.3506 6.9526
2.9768 3.1345
45.9129 69.9453
2.8434 3.1310
0.9183 0.2792
91.9752 97.8024
3.2933 3.5749
24.9084 24.1374
1.8383 1.0902
35.5595 76.2365
0.9280 1.3092
7.4907 6.5834
5.6051 5.9441
69.9458 69.9453
94.5514 84.0819
1.2404 2.1374
1.0736 0.8673
3.7658 4.4933
2.1533 3.3266
0.8225 1.1101
48.1205 69.9453
5.2285 2.8441
25.8208 25.8232
0.1428 2.9658
123.3966 123.8571
1.1334 0.9275
2.2448 1.8881
4.7652 5.6161
1.4238 1.3080
41.0106 44.1677
2.7000 3.0865
62.9800 69.9453
7.3538 1.8304
1.7497 3.2754
5.0861 5.5996
1.8042 2.2101
5.6298 4.4009
5.5049 6.1363
1.4753 2.1987
3.0422 2.9127
1.7978 1.1316
5.8704 5.4394
22.3247 7.2528
7.8925 10.5814
5.5108 4.9923
7.1404 11.1923
3.8454 3.1539
4.1817 3.3883
0.2728 0.9275
5.5314 6.5756
3.9996 3.5188
81.5845 79.2651
7.0075 5.6161
4.3808 1.8586
108.8817 110.1833
9.2499 23.1979
74.8656 77.0231
7.6233 7.7031
1.1413 1.7943
4.5402 4.4933
24.6318 44.1677
0.8053 0.7429
7.2542 8.5425
3.3696 3.7126
6.7160 5.9441
0.8611 1.4689
6.7800 6.9526
0.1041 0.4877
6.0286 4.5264
4.5402 4.4933
4.3308 4.5653
4.2116 4.1424
0.4533 0.2579
3.6281 4.5264
5.3036 4.9923
2.6343 2.2101
2.9814 5.1733
3.9268 3.6943
119.3758 113.7572
4.1622 2.9206
0.6869 1.3281
89.4309 79.4556
12.7069 10.9073
6.9651 6.5301
0.6950 0.6335
6.3178 4.6379
0.9304 1.7848
0.4278 0.8651
10.5266 8.5425
0.0515 -0.1738
2.2655 1.8659
2.6273 2.7303
104.1400 108.2919
7.0558 2.5548
5.2391 4.2545
2.7292 3.7126
1.9609 1.5177
4.2116 4.1424
0.5976 -0.0967
3.3202 3.3266
4.6837 5.4394
2.6358 1.8304
2.3846 1.2055
1.6161 2.4107
64.0384 84.0420
3.1183 12.4370
3.4221 3.1298
3.4982 3.3394
17.4534 44.1677
2.6404 3.5803
1.2615 1.3080
2.0910 1.7848
4.1425 4.4951
3.2604 3.0656
3.2472 3.2371
7.6280 6.9885
8.5094 44.1677
4.1817 3.3883
3.6123 4.4561
0.0515 0.2821
0.7386 0.5393
3.7232 3.6943
1.4024 1.7392
7.7543 6.8165
6.7116 6.7226
82.1567 100.4682
2.3964 2.5263
3.3168 5.6693
4.5726 6.8165
8.6145 6.8165
1.7894 1.4825
23.9119 24.8767
7.2711 6.1363
3.3828 3.3883
2.3501 2.9206
4.7492 1.7999
70.9125 91.9880
1.2318 1.2585
2.3129 1.2233
9.9153 7.4666
9.1207 6.9526
0.2511 0.8673
44.9758 69.9453
1.0736 1.3092
0.7303 3.0409
2.9828 1.8304
1.8659 1.0902
3.5837 4.1453
2.4759 1.2876
1.8276 1.9817
2.6384 1.2154
0.7342 0.9010
4.2092 6.8694
0.2846 1.1965
0.8558 0.8673
3.3347 2.7032
0.5242 0.6504
0.5180 1.1316
19.3846 6.8694
3.4122 3.5511
30.4318 44.1677
3.1854 4.5123
0.8456 1.0594
125.2658 127.6420
8.7595 7.8675
0.9314 0.8844
3.6134 3.5803
4.2751 6.5301
13.3610 10.5814
31.1818 79.0418
1.9803 1.8659
0.4033 0.8782
6.6303 6.5834
1.7268 1.7943
4.5088 3.3102
5.4201 6.1363
4.9818 5.6118
0.4910 0.3826
97.9369 102.2460
2.0083 2.2724
2.2766 1.7943
1.6029 1.1965
2.7985 4.5653
3.7364 3.7126
1.3135 1.4689
0.8904 1.2233
55.5628 71.2773
4.5814 3.7446
3.1255 3.2754
4.3918 4.2776
6.2318 5.4241
0.3071 0.3025
6.2094 6.2095
5.2438 4.8949
0.7047 0.9847
4.0296 4.1453
1.0667 1.0539
11.3828 9.6552
33.1247 44.1677
4.0699 4.1453
0.0190 -0.2309
9.6699 7.8675
8.3903 4.6543
2.2486 1.8586
19.3186 23.4673
3.0822 1.4689
2.3944 1.8633
4.2821 3.7126
0.7956 1.2585
1.8313 3.1310
4.6123 4.2545
5.4465 4.4951
10.3271 10.9073
1.4729 1.1965
6.4351 6.2095
5.0080 3.0409
16.1486 24.8260
2.4961 3.0723
0.2289 1.2154
1.7845 4.8949
5.2997 10.5814
4.2002 3.5178
6.1193 4.2776
0.0094 0.1763
2.4573 2.5492
1.7420 3.1152
1.0120 0.7367
3.0116 2.8602
2.8039 2.7049
3.3536 2.2797
0.1102 0.3067
3.4991 3.5731
1.7785 0.8673
101.2650 72.8109
2.6189 3.1310
0.7157 0.4956
2.5433 1.7452
8.5283 6.6438
0.7545 1.8586
2.7959 3.7446
1.8240 1.8633
2.0807 2.7156
10.1373 7.7031
2.4896 3.1189
65.3716 90.5417
70.5599 78.3613
2.5105 3.0656
2.0152 1.8586
3.6397 3.1539
9.9014 10.9073
3.0459 3.5749
0.1727 0.2786
1.1624 1.3067
1.8330 1.7999
1.1378 1.0942
2.3152 1.1965
8.6408 10.2322
3.6477 3.1189
1.9136 0.9429
1.0394 2.1374
3.6000 2.5337
2.5511 5.4324
118.5742 102.5057
3.1290 3.0409
7.6078 7.6117
3.1349 3.1310
2.2874 2.2101
3.5372 4.9923
50.3043 76.2505
0.0782 0.2288
0.9344 1.2055
1.9469 1.3949
4.3027 3.3266
6.6251 3.2754
1.8094 1.7839
2.1507 1.8881
1.1999 3.1539
2.9560 3.2754
6.5873 6.8165
8.3485 7.5677
3.5258 2.8173
1.6899 1.7760
54.8212 44.1677
3.7274 4.0258
0.7123 1.0594
3.8575 3.5803
5.7932 7.2528
6.6415 4.4647
1.2228 2.1308
128.5790 127.8911
7.0926 6.9575
13.3584 10.9228
1.0533 1.0594
89.3037 98.3107
5.4890 2.9127
1.1346 1.1101
6.0043 4.6396
0.0021 0.2667
4.7023 5.6161
6.2470 6.8694
0.2214 1.3949
2.0798 1.3949
2.8851 2.9127
1.4805 1.3067
1.2989 1.0594
3.9215 3.0182
7.0929 7.2528
8.4743 8.5425
1.0472 0.9275
6.4017 6.9688
16.4167 9.6884
3.5116 2.1942
1.7968 1.7999
1.4671 1.2585
0.0825 -0.1949
1.0196 0.9847
4.6323 6.6438
0.9941 1.0902
1.7149 3.2872
0.1119 0.4853
1.4585 2.8441
4.9957 2.9127
3.5101 4.2478
3.1363 3.2748
1.5936 1.1101
5.6389 10.9228
3.5863 3.5749
93.2147 102.2561
3.7366 4.6543
117.4300 121.2808
0.4879 0.6703
0.7069 0.7429
9.7052 9.6884
31.6809 24.0821
56.3687 110.2252
0.6929 1.1765
1.6426 0.9010
5.9233 5.4324
0.0598 0.2792
1.5082 1.3092
2.2130 3.0723
9.6245 7.4666
5.0384 3.1189
2.0232 2.3729
7.8594 6.6438
82.3677 82.3192
3.3892 3.2872
3.2057 4.2776
9.7052 9.6884
89.4309 79.4556
0.2311 1.4709
46.7468 69.9453
5.3572 10.2322
92.8963 95.9434
5.0633 4.9923
3.8955 4.9923
4.4966 1.8633
5.0592 4.2478
3.4799 3.2872
5.4246 4.8949
0.8855 0.4877
93.3199 80.2741
32.3954 44.8474
29.4924 44.1677
3.6089 3.6943
72.9807 76.2266
2.6760 6.5834
3.8771 4.6543
0.6987 1.2465
4.1165 1.3281
0.8124 0.7743
2.8019 2.9127
1.0549 1.3080
0.1813 0.2667
1.0373 1.7943
2.4398 1.7392
22.1389 23.8114
4.4307 1.7848
0.8366 3.3102
1.1178 1.3281
102.1214 102.2460
1.6574 1.2876
5.0753 3.6943
2.6808 3.0723
68.8492 74.7556
0.2751 -0.3367
134.6988 127.8911
3.8533 4.1453
0.5372 0.4942
24.7238 24.8260
0.2228 2.0658
9.1029 10.2322
15.1543 11.5674
24.9894 24.9642
3.4073 1.8883
10.2043 10.5193
0.5377 0.9041
2.5887 2.5263
4.1941 4.5264
0.9036 0.5393
2.7165 2.2724
6.3157 5.9441
2.4069 2.2418
1.7674 4.6217
1.3035 1.4689
6.2679 7.5616
17.4986 23.8114
2.7143 2.2724
0.4933 0.6351
2.1280 4.4561
1.1076 1.2465
4.2976 3.0182
3.3624 3.5569
1.1025 0.8782
3.6926 3.0409
3.3924 4.2776
3.4460 3.2872
0.6183 0.5030
0.7921 1.1965
2.3180 1.8881
1.6613 2.1942
0.0150 0.3888
4.8899 5.1733
3.0588 3.2872
0.0660 0.2579
15.5854 11.5674
4.9807 4.4951
1.0152 1.4133
1.5761 2.1942
2.6730 3.0182
2.8520 3.1090
0.5781 0.8651
11.4003 10.9073
0.3437 0.6351
1.1651 2.9127
2.3881 3.0656
0.1431 0.3857
4.5196 3.7446
1.2219 1.2233
2.9995 1.8659
12.2147 11.3848
5.5750 5.6161
3.9490 7.5677
5.2473 4.6543
5.6599 5.4400
3.6341 3.3266
102.9152 102.9244
0.9636 0.9429
3.3980 3.5803
5.3740 4.1453
9.2060 6.8694
2.2676 5.5828
5.8579 5.3898
8.9326 10.2322
5.5360 5.4394
2.3231 2.7303
0.9053 0.9041
0.3646 0.8001
1.0196 0.9847
2.0431 1.0902
1.3057 1.5784
3.3154 3.5731
1.1074 1.1965
91.9752 97.8024
53.7366 78.7501
0.2505 0.2667
2.8154 3.5731
10.0537 7.6117
0.7755 0.4853
99.9287 131.7100
2.5871 2.0658
53.7322 76.2365
3.2949 3.1539
1.5883 1.2233
130.4825 102.2613
1.0791 1.1101
32.9691 44.1677
1.7653 1.0594
38.6368 44.1677
1.3076 0.8651
4.0790 6.5834
1.2861 1.2876
12.1748 24.8260
3.6537 4.6011
2.6822 1.4689
1.7964 1.8659
3.0569 3.2371
4.1165 1.3281
9.3337 23.6949
4.4210 4.6396
1.9307 0.8724
9.8587 8.5425
0.5217 1.3949
1.7129 2.1693
23.7012 23.5778
2.3170 2.5337
4.8830 5.6693
129.7317 106.1740
3.9111 4.5221
2.1853 2.9658
0.4368 0.5030
45.3820 44.8474
2.1733 3.8038
103.9226 78.7501
4.3227 4.5123
1.7030 1.8304
0.3167 1.0942
3.0675 3.0656
2.7657 2.0658
11.3612 11.3848
2.8292 2.8269
4.8269 5.6118
0.5872 1.7298
99.9353 110.2252
46.9896 77.3462
3.3029 3.2748
123.0858 114.5907
4.1968 4.8949
3.7382 5.5366
9.8295 7.8675
11.4371 11.1923
3.2288 3.5749
5.8981 5.5366
5.2770 3.5188
2.4700 6.2353
2.0800 1.7999
4.6791 5.1733
0.2971 2.1374
2.8222 2.1308
2.2298 2.8269
101.2650 72.8109
4.0503 4.6379
41.7662 69.9453
0.1235 0.2786
6.2769 6.2353
3.6153 4.1424
4.8701 4.5123
5.3445 7.2528
3.3557 2.7049
0.7407 0.9010
13.5304 24.8260
3.9662 2.1987
0.7876 3.4072
0.5995 0.6351
63.5832 76.3199
7.7335 6.5834
128.5947 113.7030
0.3940 0.2786
0.2458 0.3067
5.4266 5.4241
5.9945 6.9575
0.4592 0.7743
1.6430 1.8304
1.9482 1.7452
2.0720 2.7032
6.8523 6.8694
4.5521 7.4666
63.5832 76.3199
7.2017 23.1979
1.9553 0.5030
6.8554 6.6438
3.4221 3.1298
0.2415 -0.0584
2.9808 2.7303
1.9701 2.1374
1.0802 0.6351
2.2731 2.9466
10.8701 5.6689
2.9921 2.7303
1.4762 0.9412
6.9536 6.7226
1.9515 1.8633
1.9409 1.8881
0.2098 0.9429
54.2697 69.9453
46.4110 44.1677
0.6296 3.1310
7.8610 6.8165
1.6360 1.3281
0.7159 1.1101
1.2463 1.0064
2.7243 1.5177
8.2492 6.2353
4.0091 3.8038
1.1991 1.3949
1.7851 2.2418
18.5515 24.8260
2.4518 3.4072
3.0155 3.1539
53.5149 76.2365
4.1301 6.5756
3.9291 2.7156
43.1062 71.8929
7.1866 4.9923
0.8092 1.5177
5.2933 4.6396
1.0259 1.4133
1.9850 2.0525
1.7077 1.0736
0.5022 0.7367
72.9807 76.2266
72.2878 73.1390
107.1243 101.2369
2.6945 2.7303
0.4752 0.8844
0.5067 2.2724
4.1832 3.5731
1.3994 1.5500
2.5479 1.7943
0.5275 0.2810
0.9549 0.8452
0.6271 0.7743
5.3833 4.2478
2.3268 3.3394
5.2142 4.4647
47.1289 69.9453
0.1770 0.3025
76.8320 79.3592
3.1780 2.9466
2.1310 3.0723
0.2343 0.9429
6.2676 6.2095
3.9137 3.1345
3.0037 1.7301
25.2918 79.3592
2.8746 3.1310
3.2282 3.6943
0.7554 0.9382
0.9285 1.0539
9.0442 8.5425
0.5668 0.2821
71.8477 71.8929
3.4428 4.0258
6.9402 10.9073
3.1233 2.7303
2.4600 4.4025
2.7503 4.2545
0.8144 1.2857
8.5407 10.2322
5.9767 5.1733
1.0694 0.8782
3.1857 3.5188
26.1380 44.1677
9.0672 6.6438
2.3904 1.8586
11.1303 5.5366
3.1241 3.3102
3.1662 3.6943
2.3967 3.1345
0.6098 0.3857
17.2626 24.8260
24.2568 44.1677
6.8365 21.4288
103.9818 100.9446
0.7614 1.0594
2.7051 4.6011
1.9897 2.1308
1.6145 1.4689
2.8657 3.1310
2.8137 3.0723
2.5212 2.1374
1.1252 0.8001
5.3410 7.0007
68.0969 79.3726
6.1644 5.6693
4.7450 5.5996
0.4259 0.9275
3.2770 4.2776
3.5191 3.1090
2.5021 3.7446
4.1752 4.6379
2.2568 1.2233
4.1988 4.4025
53.0520 69.9453
36.8687 76.2266
1.1206 0.7367
5.0695 5.4241
0.3885 0.3826
9.2060 6.8694
71.8477 71.8929
1.2556 2.1987
5.0630 2.9658
0.5421 1.5784
78.9874 78.3613
6.2739 4.6543
4.9988 4.5123
110.1041 110.1730
0.2637 0.4877
0.4907 0.9847
2.4517 1.8883
16.3383 23.6170
72.2356 73.1390
1.6114 1.4689
0.2946 0.3067
5.3805 4.6396
0.8890 1.0594
2.8937 3.1539
0.8816 1.3949
4.8192 5.3898
133.9143 134.1200
0.3864 1.0942
1.5964 1.3067
3.7218 2.1374
6.3488 9.6552
0.9367 0.6351
2.1466 2.1693
5.1939 4.6217
47.4400 68.7894
3.0825 3.1237
0.1832 0.5202
1.7176 2.0525
8.4311 11.3848
72.2356 73.1390
0.8814 0.8724
9.7690 4.1424
1.6155 1.8883
1.7802 1.7301
115.7833 109.0902
4.9835 4.6217
3.9111 3.3883
7.6317 5.6118
4.0525 4.6396
10.5886 10.2322
3.0124 3.1310
3.7076 2.6702
0.8459 1.2233
43.9028 69.9453
13.1959 24.0821
4.2569 1.7392
0.0727 0.4942
5.5296 5.8363
8.7406 4.4951
23.3534 44.1677
44.6023 69.9453
78.0127 77.9515
147.4926 124.9740
63.6485 68.7894
0.7434 1.2876
9.2228 10.5814
0.0842 0.3025
3.2859 4.5123
4.8850 5.6693
0.6223 0.5393
4.0554 2.8269
2.1377 2.2418
12.7131 11.3848
0.0905 0.3888
1.0787 1.2585
4.7820 4.2776
2.4053 3.1539
0.1578 0.6504
16.7252 26.7902
4.9875 6.8694
1.0160 1.0811
101.7293 101.4490
0.2078 0.3025
0.2778 0.2786
4.8578 5.3898
10.5886 10.2322
0.9764 2.0658
3.2293 2.1942
1.3635 1.0942
7.2951 5.6689
1.5912 1.7298
3.9439 3.2872
3.9942 2.1942
18.5420 23.6170
12.1182 10.5814
4.3246 6.9526
5.2963 1.8881
2.5422 2.2724
59.4721 69.9453
1.6418 1.7298
9.0019 11.3848
14.9563 24.8767
36.9961 44.1677
7.9758 7.0007
6.0291 22.2545
5.4818 5.4324
5.6698 5.6161
11.9016 9.6552
0.5771 0.3888
1.7149 3.2872
68.2454 79.4156
6.1951 4.5123
2.5982 2.6702
6.6530 8.5425
1.7094 3.3394
0.7637 0.9429
0.8113 0.3025
9.2399 6.6438
5.1659 4.6543
0.2737 0.3025
2.8915 2.1374
2.8058 4.5653
2.1196 3.0409
4.0884 4.4009
62.2812 70.6610
2.6287 2.1374
3.4849 4.0258
2.2699 3.3394
47.1289 69.9453
6.4900 5.5828
6.5578 4.5264
22.2322 22.2545
0.3849 2.3729
0.4450 1.4825
0.1353 0.9275
0.8807 1.2055
3.7570 3.3102
3.2293 2.1942
4.5330 3.1345
1.9314 3.7446
4.1295 4.6379
3.0743 2.8441
3.9990 3.0409
0.4037 0.2810
4.9818 5.6118
3.0192 2.8602
63.8124 69.9453
2.3154 3.1189
47.4400 68.7894
26.3876 26.3223
0.9977 0.4956
1.1836 1.5500
0.3983 0.4877
6.5662 5.6161
4.2026 3.5511
3.0037 1.7301
1.2823 1.4709
4.6655 4.4009
3.5040 4.9923
127.1368 124.9740
1.9068 1.1101
0.1428 2.9658
0.8137 1.2465
70.1390 70.7327
1.0953 1.1965
3.1863 3.3266
1.2437 0.8844
3.3458 6.2353
0.1517 -0.0385
25.5086 24.8260
3.0447 3.9132
7.1109 7.2528
3.6617 4.5653
5.2313 3.5749
2.8769 2.5337
2.5288 1.7760
5.7395 6.1363
0.8711 1.6409
5.7987 5.4400
0.4107 0.5393
0.1794 0.2340
4.5475 3.5731
1.4359 0.9275
0.0715 -0.0095
2.5534 1.2465
9.1311 6.9885
1.7845 4.8949
0.3392 1.3067
5.8981 5.5366
1.0288 0.9847
1.6133 1.7452
8.8696 7.8675
5.7174 5.5996
0.6550 1.0811
1.1439 1.7943
2.8120 2.7049
82.3677 82.3192
73.8948 69.9453
84.1860 98.4719
0.3006 0.3452
0.9388 0.8651
10.5627 10.5814
24.7238 24.8260
0.4289 0.5202
6.1363 5.6693
0.4081 0.4956
0.7996 0.9041
17.4302 5.6693
2.5522 3.3266
2.5940 2.0658
3.4898 1.5500
1.3076 1.0064
6.0773 3.1189
1.3000 1.4825
4.2469 5.4400
113.5335 113.3897
0.3212 0.2792
3.3035 3.0182
7.0926 6.9575
5.4466 4.5123
6.3502 5.9441
5.5280 5.1733
12.5195 11.1923
4.9614 4.4561
24.8288 11.5674
0.2225 0.3888
1.7815 1.4689
15.2615 23.3869
102.9152 102.9244
39.2148 44.1677
1.7858 1.4942
0.0441 0.4956
2.7850 1.7848
9.9014 10.9073
0.1203 0.3452
1.1955 2.8269
3.9398 3.1298
24.7689 44.1677
0.3270 -0.0094
0.6118 0.4853
3.1117 3.1090
79.9083 78.1972
5.7153 4.5653
1.5398 1.8659
3.2519 3.0723
3.8088 5.3898
9.2494 9.6552
0.9999 0.8001
25.2918 79.3592
1.6392 2.4546
3.2024 3.1539
0.4828 0.4877
0.7781 1.8659
2.7132 26.7902
1.6516 2.5492
5.5014 5.3898
0.5645 0.6335
3.6153 4.1424
3.0745 3.0865
2.0889 2.5337
6.5995 6.6438
7.7517 6.5301
32.8515 69.9453
1.9553 2.1308
0.2916 0.2288
7.2401 6.6438
0.2343 0.9429
0.0296 0.8724
2.1985 2.4546
13.4953 24.8260
0.8312 1.6409
1.9671 2.2326
7.5124 5.4241
8.6435 10.9228
2.9431 2.5337
3.6827 3.1189
4.6049 3.1345
4.6655 4.4009
149.5032 133.2812
6.9989 5.9242
1.0864 1.3080
2.6028 3.0656
8.7946 9.6552
127.4967 90.7617
3.8833 3.0723
1.8135 1.7298
1.2004 1.0736
6.1719 4.5264
5.8881 4.6949
0.0116 0.3452
82.3677 82.3192
0.5753 1.3092
2.7183 3.1539
0.3945 0.6335
91.9035 92.4533
77.5277 77.5272
1.8838 5.4394
54.8212 44.1677
1.8995 1.7943
0.5526 0.4942
4.7468 5.9242
1.1597 1.2154
7.1866 4.9923
119.4751 104.4867
4.5363 5.4324
1.8533 3.1539
9.3337 23.6949
1.5020 1.7848
1.8766 1.9817
3.7364 3.7126
4.8081 3.5569
4.9517 4.9923
11.6252 10.2322
6.2550 5.8363
0.8807 1.2055
3.3944 2.9658
37.4315 69.9453
2.8314 3.1345
0.7807 1.0736
17.5514 21.4288
0.4386 0.8580
1.6675 1.0539
51.0912 76.2365
3.4100 3.7126
4.7747 5.6689
4.0441 1.9817
1.7034 0.9041
4.6268 4.2776
5.4661 4.4561
13.9842 7.8675
88.1532 90.6504
5.5315 5.3898
5.3228 4.2776
0.1298 0.5202
7.3906 7.7031
10.4943 10.5814
77.9346 70.7327
1.2280 1.2154
3.5837 4.1453
1.9151 1.3080
4.8411 4.5123
2.6037 3.3266
2.1771 1.5784
2.6610 3.1090
0.3574 1.8883
7.5729 7.8675
64.5330 74.2037
68.0969 79.3726
5.1939 4.6217
6.9782 7.0007
3.3255 3.0409
54.6479 73.1390
0.1732 0.8452
4.7945 4.4933
1.2318 1.2585
0.1685 0.2810
0.6473 1.2857
1.3623 0.7743
3.4712 2.9206
1.8446 1.5784
2.9168 3.5569
3.7032 3.8038
3.9528 2.0658
3.2748 3.5188
48.1205 69.9453
3.4112 1.4689
2.7160 2.1693
5.9729 5.6161
1.3896 1.7760
2.2451 2.5548
1.6239 1.3080
105.0974 90.6504
0.8016 0.5202
4.1284 4.9923
3.2164 4.4951
3.6754 4.4025
3.9522 4.6217
0.2117 0.1763
4.5972 3.1152
0.7781 1.8659
1.0338 5.6689
3.3188 4.4009
6.5527 6.9575
2.8271 2.7049
1.5549 2.2724
2.3376 2.9127
63.8291 92.4939
1.6903 3.0409
2.9341 4.6379
2.7986 4.2478
2.0233 0.9412
0.7865 1.4942
0.0120 -0.0904
3.2610 3.0865
2.2722 1.4133
7.4507 7.6117
5.1540 4.4561
0.9391 1.9817
2.1824 0.9010
2.4485 2.7156
2.6489 2.9206
0.0310 2.7156
8.6443 6.9688
36.8611 44.1677
3.9996 3.5188
0.7736 0.8782
0.6400 0.9275
2.7120 2.9127
48.6686 71.1178
2.3815 3.1310
2.5604 3.1090
2.7146 3.8038
1.2563 1.8586
64.0384 84.0420
0.0154 -0.0647
4.1332 5.5366
2.2063 2.4546
2.4282 1.7839
0.9695 0.9382
94.8019 86.6566
0.1602 0.2810
8.0322 6.5301
2.8039 2.7049
0.6852 1.0811
2.9261 3.2872
3.1912 2.8173
0.6096 0.8782
2.0883 1.4689
0.3498 -0.0015
5.7263 4.4647
3.0680 4.1424
0.6170 0.2821
7.2295 7.5616
0.3056 0.4942
20.1550 24.8260
0.1135 -0.0271
0.3061 0.2340
8.5732 7.2528
7.1855 8.5425
0.4918 0.8673
1.0870 1.4942
1.4955 3.0409
41.1107 44.1677
1.4971 0.9429
0.1278 0.2340
79.4352 79.0418
115.6417 127.8911
2.2710 2.1942
14.5807 24.8260
2.5591 2.2101
8.5094 44.1677
3.1236 3.5860
2.1980 1.6409
3.4722 4.5264
6.0608 4.2776
15.3024 12.4370
3.3799 1.8883
85.0158 86.1407
1.8442 1.4133
23.2118 69.9453
75.8231 95.7087
2.9536 3.0182
2.7986 2.7049
2.4096 2.1693
7.7543 6.8165
1.5561 0.9041
2.3156 2.1374
0.8230 0.8001
63.3110 74.8518
1.6402 1.6409
2.0561 1.0539
6.9909 6.6438
0.1122 -0.1932
2.1503 2.2101
2.8019 3.1539
8.1114 6.1363
2.6660 3.3394
0.0680 0.2340
0.5673 0.4942
51.4049 100.8458
1.3661 1.1101
9.9251 6.8165
2.8804 3.3102
11.9074 11.5674
3.8209 1.7999
76.8320 79.3592
1.4955 3.0409
3.4981 3.8038
2.2782 2.4107
2.9820 3.1152
7.7125 7.2528
8.6448 23.1979
3.5832 3.3883
5.9108 5.6161
57.6507 70.7327
3.9143 3.9132
1.6382 3.1310
1.1765 0.9041
3.5015 3.3883
121.3272 119.8004
20.1477 23.3869
1.0894 1.3067
0.0746 0.2792
1.8083 2.4546
0.6709 1.0902
6.2094 6.2095
2.1707 1.8304
3.7606 4.4025
4.4268 4.6217
1.9578 2.1374
0.8883 1.2154
0.0856 -0.1556
2.7914 3.1152
42.0865 69.9453
5.0753 3.6943
12.8513 23.6304
5.6679 5.6693
48.3357 107.3543
11.2348 24.8767
5.4084 4.6949
2.4132 2.1374
2.0398 1.3092
0.1158 0.3067
0.3009 1.4689
81.2320 112.7543
1.1198 1.7301
1.1601 0.8580
4.7101 4.5123
0.6813 0.7429
2.2790 24.8260
9.0326 10.2322
5.1465 5.1733
2.7273 2.7032
28.1508 44.1677
2.5091 2.9206
10.3271 10.9073
2.7503 4.2545
1.4293 1.2233
1.0174 1.1101
81.9878 76.2365
8.3321 6.8694
0.4969 0.2810
1.0548 1.0539
0.0382 0.6335
0.7397 1.1316
7.3365 5.4324
0.4265 1.4689
2.0730 1.3281
3.6463 2.4107
68.7931 68.7894
0.0765 0.3067
3.5313 3.0656
4.8657 5.5366
64.5536 77.0430
84.4775 119.8004
1.6639 1.6409
4.6084 4.6011
0.9549 0.8452
0.7784 0.4956
4.8215 11.1923
8.1770 7.6117
3.1406 2.8269
5.2192 7.5616
4.4418 4.4025
1.0172 2.4107
76.3528 76.2673
1.3362 0.2792
62.9800 69.9453
1.0709 1.4689
3.7232 2.4546
1.6002 1.1717
11.9920 10.9228
0.1356 0.7743
5.3959 4.6949
0.6083 0.7429
1.4878 1.8883
0.2387 -0.0019
4.2569 1.7392
1.9026 2.2797
4.3333 4.5264
3.9437 3.3102
0.5503 0.5202
99.5373 97.0923
1.1047 1.0902
6.1287 5.6118
1.9986 1.4942
2.9771 3.5860
0.1930 1.2585
0.2684 0.3452
79.9776 79.9754
14.5426 21.6279
0.9663 1.7452
3.5851 3.5860
77.9346 70.7327
2.4976 2.7032
3.0022 2.8602
13.0195 24.8767
63.6033 70.3846
7.5831 7.5677
1.0003 0.9382
0.9470 0.7367
3.8936 2.7156
1.6549 1.8633
4.7715 4.6396
8.1526 2.7303
3.9955 3.4072
6.6187 6.6438
82.4604 84.0420
1.0783 1.4709
1.0613 1.7452
1.8287 2.5548
3.7142 4.2776
10.8275 11.1923
4.3469 3.5569
1.6688 1.4709
8.0047 9.6552
2.4585 3.5511
6.6678 5.5366
99.3938 99.3239
1.2712 2.2326
64.1794 72.5363
1.9714 1.3067
2.3243 4.8949
3.6321 2.9206
3.7059 3.2371
5.7962 3.1539
12.2962 10.2322
5.9434 4.6543
0.4756 1.3092
7.6359 7.4666
2.2395 2.2724
16.9008 23.1979
1.2146 1.1717
4.1854 4.5264
1.6907 1.4689
3.2871 3.7446
0.5526 1.1316
0.7554 0.9382
0.9306 1.7999
3.1356 3.5178
5.1373 5.6161
2.0695 2.9127
0.4802 0.2288
126.4993 114.4563
7.1101 4.6543
0.2682 0.9382
1.0775 0.8844
117.5269 100.9446
3.1875 3.3394
4.6725 4.4025
4.5520 6.9885
6.5674 7.5616
1.4220 1.7298
3.5140 2.1374
0.4979 0.8724
0.6306 0.8844
34.4030 69.9453
0.8115 0.8580
5.6771 5.5828
3.5932 2.8269
1.7463 1.7298
1.2570 0.8452
0.8160 0.6703
0.5919 0.2288
31.9432 44.1677
2.5884 3.1189
4.4467 4.4561
5.7499 3.5731
0.9387 1.7452
3.1536 3.1539
2.1400 1.7839
8.0528 10.2322
2.0900 1.2055
3.1472 3.1152
98.4367 86.1407
6.8733 4.2545
4.3445 2.2797
2.1560 2.7303
1.3831 0.9429
3.9996 3.5188
2.1350 2.1987
6.5606 6.6438
1.7858 1.4942
4.1462 3.2371
